1512232501.921149969 0.003863117 0.001189271 0.001379337
1512232501.921152115 0.003683743 0.001305576 0.001566048
1512232501.963988066 0.004154924 0.000997281 0.001747467
1512232502.175266981 0.004428987 0.001020187 0.001750791
1512232502.253856897 0.004121389 0.001016518 0.001746347
1512232502.438340902 0.004033713 0.001032497 0.001775225
1512232502.566689968 0.004193607 0.001097821 0.001680881
1512232502.640438080 0.002438355 0.000975704 0.001314871
1512232502.876872063 0.002008231 0.001096722 0.001214571
1512232503.015976906 0.002407285 0.000955030 0.001366981
1512232503.224581957 0.002172108 0.001046181 0.001276673
1512232503.432090044 0.002292695 0.001066766 0.001246155
1512232503.579174995 0.002117381 0.001197993 0.001255415
1512232503.739550114 0.002490912 0.000876958 0.001278211
1512232503.864459991 0.002317017 0.000995402 0.001284038
1512232504.023442984 0.002379992 0.000937434 0.001299549
1512232504.094264984 0.002262774 0.000951087 0.001240625
1512232504.258774042 0.002371491 0.000946994 0.001252707
1512232504.429080963 0.002452495 0.000881383 0.001330003
1512232504.675406933 0.002306191 0.001052891 0.001267051
1512232504.825968981 0.002090653 0.001032396 0.001213437
1512232504.903832912 0.002378214 0.001063990 0.001205640
1512232505.141207933 0.002274621 0.000978876 0.001198392
1512232505.253123045 0.002308168 0.001003232 0.001275965
1512232505.398715973 0.002367470 0.000939348 0.001286631
1512232505.529927969 0.002303618 0.001037919 0.001251051
1512232505.739351034 0.002543302 0.000899680 0.001313205
1512232505.941451073 0.002334891 0.000974194 0.001306093
1512232506.166965961 0.002110429 0.001055988 0.001299106
1512232506.309542894 0.002425235 0.000982006 0.001293524
1512232506.430510998 0.002406238 0.000967812 0.001269339
1512232506.592880011 0.002338483 0.001012892 0.001317977
1512232506.789117098 0.002264211 0.001056169 0.001229124
1512232506.936558008 0.002435736 0.000993578 0.001313641
1512232506.994105101 0.002448157 0.000963212 0.001300283
1512232507.240499020 0.002340185 0.001050254 0.001314533
1512232507.423924923 0.002262454 0.001012206 0.001334776
1512232507.578928947 0.002380580 0.000950326 0.001258856
1512232507.704551935 0.002344169 0.000955574 0.001305431
1512232507.882764101 0.002320518 0.000898852 0.001293833
1512232508.052604914 0.002449289 0.000823844 0.001330155
1512232508.191093922 0.002323096 0.000961393 0.001246344
1512232508.414701939 0.002352177 0.001011714 0.001272898
1512232508.566039085 0.002380926 0.000916822 0.001312763
1512232508.679543972 0.002321882 0.001000519 0.001282210
1512232508.832079887 0.002427482 0.000904338 0.001365487
1512232509.009768963 0.002426041 0.001008946 0.001318660
1512232509.216346025 0.002347452 0.000957512 0.001343796
1512232509.359643936 0.002734684 0.000746279 0.001388193
1512232509.535151005 0.002234227 0.000988117 0.001262628
1512232509.627305984 0.002212630 0.000987002 0.001261061
1512232509.838521004 0.002478490 0.000923775 0.001357084
1512232509.986139059 0.002381741 0.000909263 0.001260795
1512232510.143627882 0.002373160 0.001019290 0.001252879
1512232510.281316996 0.002511033 0.000893124 0.001364246
1512232510.502650023 0.002330737 0.001046446 0.001204288
1512232510.647620916 0.002301662 0.000979853 0.001316979
1512232510.832469940 0.002328861 0.000993108 0.001247363
1512232511.033953905 0.002316260 0.000946731 0.001332319
1512232511.173484087 0.002383098 0.000993297 0.001253245
1512232511.345474005 0.002341813 0.000857435 0.001332963
1512232511.483266115 0.002443083 0.000969351 0.001277123
1512232511.665067911 0.002452721 0.000950590 0.001365730
1512232511.849380970 0.002448379 0.000923482 0.001288669
1512232511.997056961 0.002410215 0.001007708 0.001237718
1512232512.138816118 0.002186071 0.000971911 0.001315222
1512232512.290404081 0.002404634 0.000982463 0.001305300
1512232512.499984026 0.002288125 0.000971528 0.001262235
1512232512.627044916 0.002308278 0.001063925 0.001297832
1512232512.782757998 0.002407123 0.000979709 0.001297633
1512232512.870534897 0.002187174 0.001055889 0.001291716
1512232513.118438959 0.002242641 0.000991868 0.001250373
1512232513.296684027 0.002423771 0.000968315 0.001281181
1512232513.469295025 0.002395067 0.000981190 0.001287291
1512232513.695390940 0.002396564 0.000987912 0.001360649
1512232513.847546101 0.002459916 0.000959553 0.001245086
1512232514.010072947 0.002366387 0.000936677 0.001324254
1512232514.214189053 0.002199795 0.001065869 0.001203642
1512232514.371121883 0.002261319 0.000940340 0.001261032
1512232514.564430952 0.002655256 0.000904749 0.001337238
1512232514.698517084 0.002466951 0.000953389 0.001265315
1512232514.899236917 0.002378960 0.000975479 0.001279921
1512232515.023015976 0.002290819 0.001045055 0.001222314
1512232515.217317104 0.002416208 0.000962195 0.001265623
1512232515.399650097 0.002383774 0.001006034 0.001248210
1512232515.567445993 0.002288149 0.000982188 0.001314405
1512232515.749177933 0.002507794 0.000932453 0.001308508
1512232515.917429924 0.002192886 0.001091571 0.001243996
1512232515.984477997 0.002314215 0.001033099 0.001262041
1512232516.148322105 0.002355657 0.000938378 0.001307584
1512232516.230875015 0.002391337 0.000888788 0.001318323
1512232516.417673111 0.002518744 0.000915911 0.001302457
1512232516.589178085 0.002484161 0.000936366 0.001203268
1512232516.804872990 0.002245080 0.001054882 0.001227845
1512232516.947375059 0.002427900 0.000980099 0.001256215
1512232517.119028091 0.002340448 0.000991960 0.001290411
1512232517.306698084 0.002306601 0.000995589 0.001296600
1512232517.436867952 0.002299937 0.000996001 0.001270809
1512232517.510546923 0.002433987 0.000955403 0.001290136
1512232517.752046108 0.002201113 0.001020450 0.001194683
1512232517.922152042 0.002451928 0.000958044 0.001300728
1512232518.043420076 0.002358189 0.001082141 0.001175516
1512232518.229302883 0.002376810 0.000920887 0.001269053
1512232518.445090055 0.002442588 0.000928491 0.001252503
1512232518.640616894 0.002424049 0.000947626 0.001345119
1512232518.813745022 0.002339990 0.000993595 0.001297068
1512232519.005693913 0.002328363 0.000947501 0.001331365
1512232519.115637064 0.002391432 0.000925755 0.001314927
1512232519.322350025 0.002370035 0.000930098 0.001330991
1512232519.501395941 0.002114202 0.001047830 0.001268556
1512232519.643553019 0.002259326 0.001004484 0.001246897
1512232519.779123068 0.002575331 0.000932368 0.001301851
1512232519.953128099 0.002475848 0.000963243 0.001340201
1512232520.097726107 0.002329456 0.000968195 0.001295450
1512232520.254383087 0.002382798 0.000924644 0.001326611
1512232520.505244970 0.002398415 0.000964000 0.001408052
1512232520.658767939 0.002295122 0.000954554 0.001305758
1512232520.790704012 0.002216673 0.001091751 0.001229002
1512232521.008662939 0.002398488 0.000904925 0.001324985
1512232521.161247969 0.002408380 0.001010161 0.001284804
1512232521.369101048 0.002355290 0.001008220 0.001269766
1512232521.534929037 0.002432366 0.000975354 0.001308317
1512232521.619416952 0.002508906 0.000902720 0.001365027
1512232521.805219889 0.002398137 0.000963558 0.001240424
1512232521.976382017 0.002555521 0.000922893 0.001328620
1512232522.101130962 0.002419150 0.000901109 0.001271582
1512232522.288038015 0.002507482 0.000972684 0.001202655
1512232522.445336103 0.002338585 0.000888597 0.001300725
1512232522.585714102 0.002430833 0.000991215 0.001283685
1512232522.792920113 0.002458997 0.000887893 0.001315828
1512232522.941611052 0.002377796 0.000902126 0.001339997
1512232523.145401001 0.002351524 0.000988821 0.001334551
1512232523.321475029 0.002406488 0.000950826 0.001328549
1512232523.503388882 0.002226498 0.001047165 0.001221623
1512232523.628484964 0.002223671 0.000985612 0.001238189
1512232523.865885019 0.002219760 0.001048702 0.001288231
1512232524.036550999 0.002247927 0.000996421 0.001254645
1512232524.175657034 0.005335602 0.000770209 0.001356709
1512232524.376111031 0.020893343 -0.000540317 0.001578742
1512232524.550163984 0.046440064 -0.001454856 0.000425605
1512232524.700958014 0.066431860 -0.003161901 0.000068852
1512232525.008562088 0.156376889 -0.002702166 0.003783654
1512232525.159818888 0.209881228 -0.001754794 0.008634700
1512232525.417184114 0.297997195 0.001909368 0.017260308
1512232525.615416050 0.364922000 0.004287865 0.022710555
1512232525.839705944 0.429789796 0.006983218 0.027127452
1512232526.063339949 0.495426772 0.009643659 0.028715067
1512232526.341243029 0.593282145 0.012148819 0.028887314
1512232526.613019943 0.660037664 -0.015538467 -0.015154232
1512232526.760184050 0.698472795 -0.052460915 -0.070782688
1512232527.003722906 0.683298637 -0.230283722 -0.125650926
1512232527.194031954 0.710572922 -0.268903321 -0.176448181
1512232527.372313976 0.744082266 -0.323302509 -0.237956310
1512232527.643354893 0.852578873 -0.413067273 -0.361174435
1512232527.891148090 0.883930989 -0.487128856 -0.453714302
1512232528.135273933 0.921441610 -0.583448956 -0.555126704
1512232528.384144068 0.974318807 -0.661185743 -0.670414918
1512232531.257792950 1.748779917 -0.980751366 -0.431116841
1512232531.399822950 1.785474526 -0.958435136 -0.364502842
1512232531.570632935 1.823185201 -0.929985005 -0.288533472
1512232531.751239061 1.865370593 -0.905320970 -0.229784564
1512232531.913089991 1.905099415 -0.877834972 -0.161562947
1512232532.088150978 1.973793819 -0.880083636 -0.142965477
1512232532.340579987 2.039726908 -0.888144792 -0.138464249
1512232532.506942034 2.070219212 -0.892867206 -0.135952861
1512232532.733098030 2.149155398 -0.903580483 -0.132713345
1512232532.875560999 2.200646181 -0.909561623 -0.129982881
1512232533.107486010 2.258814339 -0.890037699 -0.084362507
1512232533.324731112 2.274794757 -0.830085021 0.032337638
1512232533.530946016 2.309152297 -0.776976307 0.132774299
1512232533.684384108 2.319052672 -0.751941483 0.178488889
1512232533.931900978 2.324058889 -0.717268565 0.245248539
1512232534.148737907 2.349015996 -0.666935290 0.313440346
1512232534.391865015 2.351818545 -0.623917736 0.390718898
1512232534.601641893 2.357708536 -0.589383035 0.450288346
1512232534.856872082 2.366315417 -0.549972052 0.516476325
1512232535.097397089 2.374439114 -0.479148540 0.608925060
1512232535.346604109 2.373780257 -0.390181411 0.732424797
1512232535.496437073 2.374879594 -0.374733957 0.751168481
1512232535.761228085 2.370765308 -0.317475406 0.819123664
1512232535.910068035 2.365950747 -0.281691309 0.861911666
1512232536.070447922 2.365426997 -0.235493659 0.912038252
1512232536.340706110 2.374406667 -0.199075506 1.008703124
1512232536.496820927 2.365211666 -0.156358440 1.057088642
1512232536.814670086 2.347677340 -0.076969674 1.110534178
1512232536.964481115 2.357399495 -0.050990683 1.066079168
1512232537.260812998 2.369781912 -0.031777453 1.005471812
1512232537.439529896 2.374035579 -0.020510187 0.976821054
1512232537.711193085 2.376521464 0.003424512 0.928976887
1512232537.886493921 2.376260749 0.026489990 0.871306871
1512232538.154453993 2.378812632 0.049298843 0.791856909
1512232538.407267094 2.372618937 0.074424387 0.738300684
1512232538.638494015 2.364125699 0.103241021 0.666778490
1512232539.939076900 2.572515461 0.127300529 1.825147784
1512232540.196634054 2.526488232 0.152632310 1.891034622
1512232540.384723902 2.494563923 0.170320613 1.932210691
1512232540.540673971 2.472027987 0.181069629 1.962058265
1512232540.705714941 2.458776942 0.217527057 1.963922932
1512232540.877686024 2.446302083 0.254062849 1.964444604
1512232541.044689894 2.432786491 0.294190056 1.963123453
1512232541.286170959 2.411697943 0.362111438 1.960676371
1512232541.536489010 2.388313487 0.429478375 1.957292694
1512232541.751071930 2.361524062 0.503892449 1.958155567
1512232542.106910944 2.262579215 0.561813204 2.071044041
1512232542.386915922 2.192308229 0.574473350 2.165040499
1512232542.624805927 2.114300452 0.586908815 2.263240215
1512232542.763794899 2.076909219 0.626828656 2.273089462
1512232542.932405949 2.043733393 0.663185789 2.281134933
1512232543.112421989 2.017148436 0.691313352 2.286480908
1512232543.374274969 1.969882315 0.742317705 2.291376474
1512232543.563699007 1.926941295 0.790828557 2.292234187
1512232543.823914051 1.872600278 0.855833168 2.289754347
1512232543.977363110 1.838110988 0.899763338 2.287009197
1512232544.156126022 1.804283963 0.941765792 2.284679907
1512232544.342421055 1.771269265 0.985920749 2.279978549
1512232544.495452881 1.737216135 1.034009511 2.270536199
1512232544.644985914 1.696555481 1.091827432 2.261489806
1512232544.894510984 1.649919305 1.156777030 2.255332974
1512232545.142580032 1.604915777 1.220091810 2.250734569
1512232545.294214010 1.571137536 1.264489979 2.251298244
1512232545.541407108 1.516332752 1.331003011 2.259323380
1512232545.687103987 1.487113206 1.365490870 2.264371305
1512232545.965151072 1.428611384 1.435411895 2.273427598
1512232546.141530991 1.398502203 1.471071354 2.276218207
1512232546.464342117 1.333413274 1.561231539 2.267956952
1512232546.626782894 1.293942285 1.616387526 2.260599008
1512232546.845164061 1.252136508 1.677962328 2.254874342
1512232547.079217911 1.199961403 1.757724925 2.249344998
1512232547.220196009 1.180665376 1.773392106 2.244617396
1512232547.456564903 1.122010673 1.851568106 2.241111282
1512232547.620640993 1.097214319 1.895414003 2.241768106
1512232547.718101978 1.082504804 1.919856671 2.241889062
1512232547.870373011 1.056446912 1.942121013 2.239349139
1512232548.024791956 1.026702378 2.001304155 2.243534547
1512232548.188304901 0.986314112 2.054580201 2.247785453
1512232548.360455036 0.959430608 2.087783833 2.250942224
1512232548.531807899 0.926731651 2.128363539 2.254336459
1512232548.708857059 0.894750593 2.169035070 2.257788389
1512232548.919770002 0.842560194 2.234394726 2.261103466
1512232549.155030012 0.794194170 2.295979968 2.260739174
1512232549.411326885 0.749299603 2.352647817 2.260202251
1512232549.648297071 0.690470655 2.422763360 2.262255347
1512232549.875221014 0.637172607 2.487329152 2.264076108
1512232549.999480009 0.600571788 2.532859743 2.264376248
1512232550.260596037 0.552768428 2.592949221 2.262737757
1512232550.494204044 0.510014347 2.645844702 2.261856219
1512232550.748291016 0.462758091 2.705306044 2.259915787
1512232550.908731937 0.428620111 2.749061682 2.256926717
1512232551.053647041 0.395585475 2.794209507 2.252839990
1512232551.239254951 0.364725737 2.838696491 2.246089251
1512232551.457664967 0.332420724 2.882431878 2.242386954
1512232551.727652073 0.283749043 2.955843697 2.229681472
1512232551.905144930 0.242880883 3.017649800 2.225637982
1512232553.765450001 0.406283350 3.803097483 2.134848611
1512232553.920067072 0.351510314 3.799656297 2.223403491
1512232554.100815058 0.303633468 3.792793332 2.295157490
1512232554.282680988 0.250506669 3.790911816 2.358962810
1512232554.444324017 0.217881698 3.812901575 2.370682800
1512232554.671632051 0.164074287 3.861859901 2.372393466
1512232554.822602987 0.129181486 3.895970914 2.372027559
1512232555.022600889 0.100462925 3.925540800 2.368784786
1512232555.256886005 0.046867955 3.980531527 2.364999636
1512232555.559879065 -0.023122777 4.059241054 2.355608871
1512232555.766556025 -0.071833080 4.116907542 2.346387022
1512232556.064249039 -0.137153728 4.193385717 2.339193044
1512232556.313141108 -0.186094548 4.247932770 2.336489183
1512232556.474298000 -0.214698351 4.283466138 2.336021317
1512232556.577434063 -0.234330990 4.306561580 2.337869041
1512232556.831000090 -0.291375416 4.365394031 2.339258400
1512232557.116580009 -0.380030196 4.459397946 2.349651818
1512232557.285927057 -0.437311872 4.516149807 2.357924285
1512232557.545839071 -0.487128777 4.565047752 2.363523405
1512232557.692420006 -0.520499993 4.597418751 2.365829709
1512232557.894431114 -0.549476619 4.629401386 2.366651991
1512232558.141948938 -0.605586884 4.689159349 2.363116082
1512232558.374628067 -0.678125582 4.769156823 2.356590667
1512232558.624536991 -0.735745126 4.833395085 2.353377312
1512232558.820770979 -0.790003310 4.894632585 2.349285735
1512232559.048435926 -0.846954103 4.957721573 2.348311555
1512232559.220242977 -0.878007180 4.993062799 2.349076670
1512232559.445039034 -0.931256947 5.053016455 2.348753258
1512232559.647142887 -0.988996638 5.118045616 2.347806929
1512232559.868691921 -1.026572180 5.160930642 2.348517646
1512232560.114552975 -1.078813590 5.219804725 2.349249006
1512232560.461850882 -1.070670086 5.302744104 2.246150073
1512232560.712912083 -1.058991344 5.395584685 2.146648282
1512232560.939537048 -1.046323927 5.493261610 2.039075502
1512232561.179281950 -1.028803238 5.591094829 1.979594388
1512232561.387361050 -1.094205735 5.513719856 2.042871535
1512232562.836437941 -1.054971444 6.021562564 2.420782823
1512232563.067195892 -1.088277990 6.011340626 2.485843081
1512232563.132054090 -1.098962051 6.008837314 2.505135212
1512232563.322177887 -1.135619219 5.999439541 2.555151890
1512232563.575892925 -1.184158846 5.987056788 2.610145267
1512232563.832525969 -1.237237566 5.972220237 2.675015829
1512232564.037359953 -1.285072218 5.952080761 2.754601559
1512232564.245487928 -1.318352160 5.930858757 2.833843861
1512232564.400610924 -1.347529338 5.916906050 2.868817615
1512232564.680008888 -1.378607801 5.900205751 2.914405660
1512232564.769750118 -1.391828578 5.891479716 2.933080827
1512232566.194365978 -1.729783368 5.886133676 3.400312428
1512232566.473037958 -1.753118784 5.836570340 3.465506697
1512232566.638561964 -1.764963819 5.806523879 3.508371486
1512232566.792371988 -1.786298490 5.753345186 3.574858411
1512232567.037411928 -1.798439280 5.694831584 3.644537878
1512232567.190247059 -1.801853611 5.666479921 3.683970533
1512232567.343034029 -1.819126856 5.586211551 3.780687319
1512232567.628137112 -1.827121157 5.526728233 3.851061770
1512232567.791408062 -1.825563188 5.487327071 3.902964805
1512232568.071208954 -1.814633621 5.454959442 3.964696730
1512232568.235116959 -1.806618552 5.416266034 4.022770973
1512232569.659219980 -1.976198307 5.183247436 4.517149527
1512232569.896289110 -1.961224326 5.148830805 4.593946247
1512232570.120807886 -1.927750648 5.111213215 4.670634371
1512232570.245574951 -1.908285306 5.091962404 4.704585133
1512232570.506026983 -1.865238532 5.050774469 4.774188028
1512232570.660855055 -1.834150032 5.027811410 4.821205700
1512232570.828723907 -1.798138594 5.003480268 4.877733800
1512232571.105871916 -1.743624828 4.968185978 4.954121186
1512232571.352713108 -1.712412055 4.908863577 4.981553931
1512232571.608030081 -1.693200404 4.837403677 4.981831985
1512232571.747606993 -1.683152337 4.779450234 4.980723441
1512232571.908880949 -1.671468244 4.746927139 4.980693421
1512232572.191752911 -1.648580273 4.651496257 4.976171476
1512232572.374126911 -1.638896088 4.591557874 4.970590420
1512232572.657903910 -1.626615533 4.546901207 4.963148866
1512232572.815960884 -1.614983048 4.470582122 4.960190701
1512232573.061733007 -1.597762397 4.385146081 4.956351499
1512232573.287795067 -1.585087771 4.314162929 4.953929683
1512232573.571234941 -1.563404734 4.200158296 4.954792545
1512232573.727324963 -1.554264703 4.154784918 4.955454590
1512232573.964325905 -1.537434329 4.084157228 4.958711958
1512232574.100018978 -1.527611969 4.044325496 4.960279276
1512232574.348371983 -1.510710345 3.972732333 4.962766312
1512232574.581152916 -1.492010500 3.899999491 4.968008057
1512232574.811316967 -1.439266074 3.853474576 5.021298776
1512232575.019771099 -1.355674397 3.831304572 5.138306414
1512232575.205971956 -1.296291751 3.819117579 5.220550318
1512232575.448565006 -1.219538275 3.806436982 5.313460456
1512232575.701266050 -1.199116889 3.693109781 5.244923854
1512232575.900933027 -1.216269286 3.618526798 5.154964577
1512232576.125061035 -1.240395391 3.560317287 5.078462896
1512232576.368499994 -1.235391363 3.505851988 5.059027323
1512232576.532130003 -1.230789092 3.468228053 5.045141375
1512232576.693111897 -1.227233335 3.420339037 5.026686897
1512232576.890424013 -1.222484598 3.367916109 5.008814902
1512232577.158555031 -1.215549611 3.294602807 4.990428379
1512232577.325989962 -1.212502026 3.241540633 4.979853676
1512232577.408449888 -1.207533196 3.214479427 4.973291624
1512232577.535510063 -1.198619884 3.179994318 4.978396495
1512232577.637804985 -1.186241434 3.152990167 5.004517052
1512232577.835599899 -1.101921351 3.101409878 5.082223216
1512232578.008702040 -1.033466335 3.060447926 5.170355908
1512232578.303406954 -0.986760948 2.978144634 5.175049426
1512232578.446014881 -0.963016505 2.890269018 5.182489988
1512232578.592957020 -0.937165517 2.853419676 5.184008525
1512232578.732989073 -0.910217733 2.802615801 5.186922128
1512232578.885680914 -0.887361339 2.753949916 5.188734533
1512232578.967550039 -0.881757089 2.742606706 5.189576043
1512232579.217895985 -0.836791389 2.672694043 5.189791101
1512232579.365997076 -0.806646004 2.613670431 5.194080611
1512232579.561903000 -0.763279115 2.531202956 5.195995040
1512232581.096946955 -1.085782671 1.786050344 4.818507228
1512232581.419152021 -1.167769122 1.708696366 4.699917400
1512232581.502531052 -1.177414800 1.698201628 4.685276000
1512232581.784158945 -1.224779695 1.620847159 4.642286967
1512232581.959230900 -1.240741846 1.562566416 4.629512433
1512232582.214958906 -1.259205596 1.473192144 4.623190471
1512232582.394613981 -1.266245990 1.416491536 4.628106274
1512232582.664637089 -1.277161069 1.325927303 4.635681767
1512232582.906872034 -1.293310622 1.227106819 4.643046703
1512232583.161504984 -1.303028475 1.156995704 4.638615259
1512232583.388803005 -1.316040010 1.071596503 4.624949703
1512232583.600136042 -1.335188608 0.983710865 4.606659574
1512232583.808206081 -1.351489146 0.917870326 4.592648448
1512232583.993278980 -1.365341078 0.865563705 4.582610647
1512232584.179805994 -1.377025798 0.821208733 4.575720444
1512232584.448040009 -1.399938664 0.743935943 4.560760278
1512232584.650048971 -1.427027745 0.645296249 4.545575492
1512232584.857496977 -1.425599327 0.582084065 4.567179068
1512232585.135601997 -1.366806926 0.519717564 4.658352941
1512232585.305792093 -1.331130424 0.487047190 4.719326457
1512232585.580454111 -1.274808769 0.413466138 4.818957205
1512232585.736509085 -1.306383892 0.356893190 4.760219893
1512232585.977478981 -1.370598353 0.293456446 4.655403077
1512232586.212927103 -1.419725491 0.237205061 4.586358045
1512232586.382448912 -1.397298012 0.187751470 4.633625267
1512232586.642441034 -1.345615233 0.117220537 4.735366558
1512232586.862581968 -1.281776982 0.065244571 4.838696098
1512232588.443861961 -0.618628797 -0.083162743 5.574942298
1512232588.768955946 -0.590845471 -0.073387685 5.643926047
1512232588.949373960 -0.527870206 -0.054558123 5.730828628
1512232589.137109995 -0.448721809 -0.032384568 5.820867904
1512232589.356180906 -0.367241245 -0.023422296 5.890670298
1512232589.522850037 -0.339367680 -0.035191161 5.892134997
1512232589.728724003 -0.282897804 -0.060267609 5.890925471
1512232589.962249994 -0.207424688 -0.093377244 5.887714558
1512232590.113878012 -0.164286996 -0.113447274 5.885370668
1512232590.302576065 -0.111225431 -0.138396392 5.881948101
1512232590.601026058 -0.039100090 -0.173024680 5.878682711
1512232590.877798080 0.044504086 -0.210015609 5.879895576
1512232591.099399090 0.150399831 -0.255225826 5.886304735
1512232591.325371981 0.222113854 -0.281285901 5.899614624
1512232591.577390909 0.296873867 -0.306226229 5.913539583
1512232591.799351931 0.370252821 -0.329550581 5.926309838
1512232592.014055967 0.445350861 -0.351906435 5.939045318
1512232592.193619013 0.487726569 -0.365106257 5.944599548
1512232592.443831921 0.566995079 -0.390128252 5.949442270
1512232592.650254965 0.625898253 -0.408236435 5.950753139
1512232592.925234079 0.718867795 -0.437919847 5.952327123
1512232593.074652910 0.788590930 -0.462613684 5.951533435
1512232593.310172081 0.880628268 -0.498578917 5.943479393
1512232593.485573053 0.936475396 -0.523374909 5.935739682
1512232593.703722000 0.980702007 -0.542682112 5.929648940
1512232593.976193905 1.070753369 -0.581552755 5.920622886
1512232594.215722084 1.184524297 -0.629047287 5.916893506
1512232594.450614929 1.263444550 -0.661693153 5.916257534
1512232594.611408949 1.320301931 -0.686663730 5.915154965
1512232594.790255070 1.375556109 -0.706649644 5.919190931
1512232594.979804993 1.417245619 -0.677965885 5.995815028
1512232595.245655060 1.419137178 -0.622380257 6.115713677
1512232596.240278959 1.915054281 -0.629778550 6.232098586
1512232596.472151995 2.031661978 -0.644862135 6.241516352
1512232596.614576101 2.097661543 -0.648125003 6.246487986
1512232596.702338934 2.114350840 -0.644311130 6.245624174
1512232596.945473909 2.199968415 -0.661265449 6.256432983
1512232597.008754015 2.196129296 -0.652650783 6.254066473
1512232597.240834951 2.296325692 -0.666879304 6.256856939
1512232597.367770910 2.395182074 -0.666916849 6.297144736
1512232598.962768078 2.471634139 -0.561511776 7.056607703
1512232599.245187044 2.462264097 -0.473761833 7.171420978
1512232599.366503000 2.453242285 -0.439135050 7.216770922
1512232599.540956974 2.445004255 -0.404656609 7.260363205
1512232599.761207104 2.427236829 -0.344410918 7.332078339
1512232600.016829014 2.410326555 -0.288934784 7.402571628
1512232600.241169930 2.389312695 -0.229952533 7.478415511
1512232600.474473953 2.353844120 -0.162972572 7.569697493
1512232600.715435028 2.325650401 -0.114869912 7.637981193
1512232600.862857103 2.299304070 -0.074253908 7.691947521
1512232601.055319071 2.281597254 -0.048704498 7.727201812
1512232601.312546015 2.246242042 -0.019569331 7.786418010
1512232601.545531034 2.211010131 0.044951690 7.853381735
1512232601.721681118 2.211584410 0.092286959 7.853524832
1512232602.045221090 2.216237727 0.190403788 7.843094417
1512232602.191562891 2.206787766 0.231850353 7.858961095
1512232602.446516991 2.153289774 0.300147765 7.988578682
1512232604.199589968 2.282047649 0.807550081 8.264981163
1512232604.356676102 2.232755567 0.815304612 8.344081677
1512232604.511352062 2.196441776 0.842404573 8.376218871
1512232604.742259979 2.163047064 0.900235144 8.381139845
1512232604.905647993 2.138049031 0.943626129 8.383411530
1512232605.065856934 2.111051733 0.991454304 8.382494187
1512232605.215605974 2.089600366 1.029650991 8.382476191
1512232605.472558022 2.046663150 1.109946744 8.377581766
1512232605.662209988 2.026604234 1.151610897 8.373453350
1512232605.837590933 2.000230740 1.205835783 8.367157698
1512232605.986037016 1.973262280 1.262496681 8.359787827
1512232606.156625032 1.941770703 1.329057283 8.354626127
1512232606.381545067 1.914946420 1.384565735 8.352120684
1512232606.622092962 1.875821664 1.459260164 8.356823147
1512232606.776500940 1.836539707 1.533303922 8.364349046
1512232607.023524046 1.795623781 1.606393243 8.371603704
1512232607.176867008 1.767658645 1.660886645 8.372394063
1512232607.447405100 1.724710836 1.739688046 8.376338057
1512232607.610791922 1.692604602 1.796469516 8.379590291
1512232607.808296919 1.661782809 1.854788030 8.380551764
1512232608.112200975 1.608486074 1.961334368 8.380759219
1512232608.265516043 1.572829185 2.027667111 8.381679022
1512232608.520787001 1.530753827 2.108446494 8.380372801
1512232610.456269026 1.177381607 2.587308933 8.642536037
1512232610.624492884 1.145021296 2.618032241 8.647080242
1512232610.784827948 1.105412152 2.655957695 8.652639826
1512232610.975754976 1.068364319 2.691390174 8.657951582
1512232611.230861902 1.015676619 2.745463479 8.663053605
1512232611.493534088 0.946537701 2.813892234 8.667173174
1512232611.743031979 0.888094717 2.864863920 8.670150971
1512232611.983591080 0.824631586 2.922299348 8.672778169
1512232612.260761023 0.765282203 2.976094708 8.674045241
1512232612.502623081 0.703369100 3.042008411 8.665931617
1512232612.697361946 0.669804271 3.079359703 8.659407502
1512232612.955009937 0.615809950 3.143774662 8.643586022
1512232613.160116911 0.553229289 3.218555117 8.628437988
1512232613.386882067 0.504040208 3.275680919 8.627111824
1512232613.544858932 0.463389143 3.317671687 8.626665181
1512232613.870713949 0.393145459 3.401407881 8.624525289
1512232614.050980091 0.345752231 3.457157203 8.621835255
1512232614.308579922 0.290288100 3.520485457 8.620789957
1512232614.541930914 0.227390951 3.587430228 8.623981370
1512232614.780721903 0.172898435 3.646569860 8.627677786
1512232614.972043991 0.122003661 3.703200403 8.630044257
1512232615.175103903 0.066039777 3.760714946 8.634341161
1512232615.392446995 0.068672568 3.825683435 8.563503147
1512232615.660897017 0.100278366 3.900223040 8.471532059
1512232615.874517918 0.108044794 3.984908296 8.385263743
1512232616.178740025 0.145668351 4.056664999 8.288705083
1512232616.344043016 0.160369093 4.099686227 8.238410117
1512232616.543118954 0.177379585 4.143995887 8.189437032
1512232616.722342014 0.197581643 4.196392665 8.132875471
1512232616.905797958 0.221018694 4.242559986 8.076441613
1512232617.091803074 0.252012980 4.300146328 8.007833903
1512232617.373769045 0.232992697 4.379926711 8.025978833
1512232617.650453091 0.164605047 4.316185739 8.147030721
1512232617.720316887 0.095464935 4.470433802 8.211762275
1512232618.058113098 -0.005059278 4.517691184 8.318578028
1512232618.243407965 -0.075658439 4.547471075 8.393742432
1512232619.433357954 -0.341135802 4.880535278 8.235576604
1512232619.658890009 -0.318956833 4.960008629 8.160721974
1512232619.824687004 -0.295878137 5.005137098 8.109501205
1512232619.974699020 -0.278279213 5.036479306 8.066986151
1512232620.228183031 -0.322695962 5.098198773 8.109980998
1512232620.463421106 -0.406879352 5.126797594 8.229518405
1512232620.628396034 -0.434689836 5.133842610 8.293508416
1512232620.826651096 -0.479120551 5.140895850 8.367266716
1512232621.098854065 -0.520692075 5.175459254 8.420373975
1512232621.264307976 -0.509160757 5.249127802 8.357502192
1512232622.011699915 -0.483656309 5.531350729 8.110824066
1512232622.186562061 -0.466831424 5.579040831 8.067250891
1512232622.385093927 -0.469501800 5.627815935 8.058506495
1512232622.624191046 -0.480236180 5.696437133 8.046010124
1512232626.635453939 -1.572865883 6.228465023 9.153336083
1512232626.799144983 -1.616908702 6.222940297 9.237747608
1512232626.960134983 -1.653882046 6.198172245 9.329594477
1512232627.209367037 -1.705673137 6.161806057 9.441090045
1512232627.447968960 -1.752450362 6.111818062 9.525227794
1512232627.674923897 -1.798680433 6.056750172 9.611232726
1512232627.747456074 -1.810121700 6.040158807 9.636340905
1512232628.050417900 -1.853604028 5.979159911 9.719977913
1512232628.281203985 -1.885055861 5.922730844 9.796106901
1512232628.492202044 -1.924114233 5.850137281 9.900123063
1512232628.666892052 -1.939237033 5.805410219 9.957674852
1512232628.962265015 -1.957192896 5.710839432 10.070083630
1512232629.186342001 -1.964766490 5.646971133 10.150234761
1512232629.458081007 -1.969289751 5.571086407 10.245721443
1512232629.892779112 -1.966086603 5.453293785 10.393276032
1512232630.070482969 -1.955235937 5.417319259 10.443558022
1512232630.221189022 -1.947166839 5.384597079 10.485668205
1512232630.435303926 -1.928129887 5.314292525 10.570771566
1512232632.007205963 -2.157810533 5.233441800 10.955883927
1512232632.239605904 -2.124853467 5.188555272 11.041579083
1512232632.406095982 -2.089678040 5.155318271 11.105075006
1512232632.574943066 -2.056490114 5.131786289 11.154938224
1512232632.838150978 -2.013473703 5.105028957 11.219539815
1512232632.995793104 -1.971019703 5.085938090 11.277494111
1512232633.184463024 -1.924387486 5.061749058 11.339927574
1512232633.352273941 -1.883086445 5.044015822 11.391007816
1512232634.924974918 -1.798394364 4.490050828 11.338947071
1512232635.157466888 -1.780324615 4.419448256 11.329641535
1512232635.331378937 -1.766590435 4.367947804 11.324017154
1512232635.575817108 -1.749090913 4.298722899 11.318370548
1512232635.733206987 -1.733155975 4.239802549 11.314767265
1512232635.989293098 -1.713913924 4.172574477 11.316919455
1512232636.171767950 -1.701152922 4.126433281 11.319121924
1512232636.420459986 -1.676237909 4.052349856 11.321722360
1512232636.602216005 -1.655471180 3.992024679 11.325956592
1512232636.766681910 -1.641507512 3.952925045 11.329584532
1512232637.021497965 -1.610845812 3.873769420 11.335985859
1512232637.244057894 -1.584222865 3.800156938 11.342013023
1512232637.389791012 -1.564736986 3.747017472 11.342992387
1512232637.653217077 -1.540087014 3.675587302 11.341982560
1512232637.858412981 -1.525481244 3.632369146 11.341203968
1512232638.074063063 -1.506988267 3.579615212 11.340814618
1512232638.407670975 -1.466814455 3.448868141 11.330096821
1512232638.543971062 -1.450288081 3.382694343 11.320599931
1512232638.796467066 -1.425272537 3.297642941 11.314021044
1512232639.008996010 -1.405035759 3.228417744 11.313300539
1512232639.187712908 -1.386850852 3.159690368 11.307973849
1512232639.447902918 -1.369213783 3.089206928 11.305692267
1512232639.621404886 -1.355542873 3.031404025 11.300697093
1512232639.802112103 -1.339565864 2.964033085 11.293173643
1512232639.974096060 -1.325044183 2.907851365 11.290390289
1512232640.215632915 -1.299437581 2.829112165 11.296184289
1512232640.370469093 -1.281736815 2.768077628 11.300112494
1512232640.605427027 -1.317310676 2.715047212 11.226017947
1512232640.850899935 -1.384726574 2.640658908 11.117770509
1512232641.019594908 -1.418543934 2.611500183 11.064889164
1512232641.189423084 -1.455186982 2.575698409 11.008872912
1512232641.369554996 -1.459698912 2.519588474 11.003170734
1512232641.618424892 -1.467490961 2.437482080 10.993207128
1512232641.861476898 -1.479807159 2.319879412 10.978493641
1512232641.941834927 -1.483639037 2.291727088 10.974537694
1512232642.111006975 -1.490775046 2.240763898 10.966547137
1512232642.534308910 -1.480475984 2.148478851 10.935839272
1512232642.676023960 -1.492764075 2.065640173 10.925354096
1512232642.883997917 -1.513008555 1.964232109 10.905609766
1512232643.124938011 -1.537603789 1.932194462 10.895876752
1512232643.379676104 -1.551777893 1.885535838 10.882051059
1512232643.524202108 -1.572131205 1.814779240 10.870249693
1512232643.615909100 -1.565174600 1.802780039 10.860551536
1512232643.788907051 -1.573832472 1.758648593 10.846422775
1512232645.003525972 -1.219503233 1.177165743 11.304790304
1512232645.281414032 -1.169332810 1.097758341 11.350202315
1512232645.425235987 -1.192627072 1.041877826 11.293327707
1512232645.589920998 -1.212837423 1.003882860 11.238425063
1512232645.760595083 -1.242723337 0.951847803 11.191501014
1512232645.922929049 -1.280788924 0.893735175 11.106105987
1512232646.172707081 -1.328680942 0.827945401 11.020891704
1512232646.396025896 -1.325808593 0.794710993 11.021200558
1512232646.602922916 -1.264640287 0.740780269 11.113958524
1512232646.956809998 -1.199777311 0.703548309 11.230105297
1512232647.124182940 -1.191640610 0.666547684 11.232649203
1512232647.383848906 -1.171166607 0.587868418 11.239056627
1512232647.597162008 -1.153902441 0.510430021 11.238316711
1512232647.765682936 -1.145134989 0.459994487 11.232803491
1512232648.006619930 -1.134238965 0.386875866 11.223466057
1512232648.279223919 -1.122936715 0.311694731 11.213814881
1512232648.545049906 -1.105428717 0.242117212 11.223377319
1512232648.725359917 -1.089974951 0.216643020 11.351040862
1512232651.983804941 -0.183119416 -0.360076643 12.152718196
1512232652.208908081 -0.105068740 -0.397424888 12.152633511
1512232652.436338902 -0.036318496 -0.428617268 12.152815914
1512232652.580615044 0.003709902 -0.445665902 12.154311993
1512232652.855123997 0.071830214 -0.463420684 12.177319877
1512232653.021017075 0.127162976 -0.439640859 12.245373551
1512232653.302665949 0.205009214 -0.381663730 12.374752130
1512232653.514249086 0.289313617 -0.385154533 12.394566063
1512232653.676784992 0.357926798 -0.393710260 12.402685734
1512232653.945255041 0.425114566 -0.402684356 12.409715428
1512232654.196759939 0.517187180 -0.413907948 12.415861361
1512232654.357952118 0.566345050 -0.418295566 12.419379552
1512232654.594326019 0.661633045 -0.430644457 12.420750051
1512232654.784881115 0.713024626 -0.437884006 12.420555854
1512232655.042908907 0.804094055 -0.458492977 12.408831572
1512232655.298480988 0.898557086 -0.485504930 12.389957655
1512232655.529191971 0.999529018 -0.512272170 12.373777370
1512232655.733288050 1.082247744 -0.536605243 12.363614378
1512232656.055484056 1.190021061 -0.564772735 12.364664586
1512232656.206475019 1.233749691 -0.575098680 12.364999171
1512232656.442142010 1.310849535 -0.594093159 12.366843164
1512232656.720899105 1.421365277 -0.624758800 12.361948478
1512232656.810993910 1.445678735 -0.634677670 12.362014299
1512232657.045140028 1.512665469 -0.651903534 12.361556537
1512232657.226557970 1.567587537 -0.667549100 12.359128388
1512232657.487792015 1.629236998 -0.688042852 12.354654470
1512232657.675713062 1.702138141 -0.708991792 12.352668393
1512232657.879540920 1.769443388 -0.728063504 12.351197044
1512232658.149226904 1.859540389 -0.750725061 12.353991852
1512232658.314040899 1.932462245 -0.768151420 12.358111341
1512232658.535060883 2.018256818 -0.790353872 12.362234574
1512232658.779320002 2.103568469 -0.810731226 12.365789455
1512232658.919264078 2.158772804 -0.822740308 12.365152057
1512232659.159574986 2.241956477 -0.842745050 12.365799987
1512232659.417984962 2.324068510 -0.861576234 12.368607986
1512232659.607454062 2.371821127 -0.869406419 12.370143767
1512232659.688863993 2.397946099 -0.873471949 12.371646721
1512232659.975334883 2.469142718 -0.823659166 12.507853373
1512232661.482481003 2.715341441 -0.308272119 13.403601810
1512232661.643563986 2.704675599 -0.257063421 13.467083936
1512232661.875152111 2.689362597 -0.192703868 13.560487643
1512232662.091859102 2.668646640 -0.104946902 13.653282064
1512232662.217930079 2.658307426 -0.073863440 13.693853017
1512232662.478943110 2.639154496 -0.030727065 13.760935166
1512232662.662097931 2.621171967 -0.007619122 13.815714230
1512232664.268771887 2.671790779 0.275866738 14.190393175
1512232664.517968893 2.635083636 0.310510868 14.248472947
1512232664.676141977 2.600972733 0.334990040 14.300587287
1512232664.834434032 2.568196825 0.358141817 14.345408739
1512232664.995407104 2.536019014 0.384361412 14.389500480
1512232665.233283043 2.480501636 0.415383304 14.464476709
1512232666.593547106 2.322540953 0.707016082 14.715329224
1512232666.749279022 2.300728432 0.738498410 14.722681454
1512232666.969805956 2.264504374 0.788886520 14.730306972
1512232667.140681028 2.235735595 0.832152115 14.735382796
1512232667.376744032 2.184188570 0.908650052 14.739242380
1512232667.584498882 2.120412630 1.001627608 14.736916969
1512232667.732214928 2.102949559 1.031099045 14.734858021
1512232668.005861998 2.071462961 1.081536758 14.731418944
1512232668.320945978 2.010777155 1.184360479 14.723180588
1512232668.535145998 1.968910249 1.262985160 14.709227301
1512232668.754821062 1.928272832 1.340800422 14.700046663
1512232669.008518934 1.887018023 1.418061203 14.692242541
1512232669.191966057 1.864577847 1.459130559 14.691709319
1512232669.476711988 1.799609116 1.569956303 14.697857356
1512232669.721390009 1.760856488 1.642485040 14.696040581
1512232669.934961081 1.723897513 1.713839221 14.690060393
1512232670.147728920 1.693817087 1.776718823 14.684104537
1512232670.422813892 1.660308923 1.848432741 14.674830393
1512232670.706526041 1.612898407 1.945049616 14.666084522
1512232670.926546097 1.575607521 2.021656597 14.665772092
1512232671.164644003 1.545810614 2.082612877 14.666093793
1512232671.377511978 1.509591268 2.154091121 14.666087603
1512232671.553041935 1.483196489 2.204550607 14.666129254
1512232671.769169092 1.449467866 2.266657659 14.666373805
1512232671.899063110 1.421454926 2.320093477 14.666808759
1512232672.135061026 1.382592945 2.393855130 14.665308457
1512232672.349273920 1.347779229 2.465889616 14.661622826
1512232672.583115101 1.318501942 2.527616154 14.655751391
1512232672.724451065 1.299789570 2.568819229 14.650860915
1512232672.878679037 1.277171722 2.617442688 14.648660424
1512232673.055480003 1.254717036 2.658911661 14.649993580
1512232673.218169928 1.224149511 2.713331839 14.653384286
1512232673.306648970 1.212781566 2.734688647 14.654552542
1512232673.389507055 1.194028837 2.768485231 14.656574327
1512232673.978215933 1.105097403 2.920609505 14.656552976
1512232674.133059978 1.075336657 2.979760216 14.652086345
1512232674.324728012 1.049315862 3.029695318 14.649761586
1512232674.405356884 1.036040659 3.051981234 14.647971479
1512232674.601227045 1.005753382 3.109712063 14.646562452
1512232674.780531883 0.979739771 3.163807879 14.642354501
1512232674.856082916 0.966394544 3.178854810 14.638686162
1512232675.043368101 0.934606476 3.246745229 14.630393818
1512232675.187196016 0.905431366 3.306155729 14.620773927
1512232675.353025913 0.864252607 3.385604803 14.614956335
1512232675.455735922 0.870667261 3.396849361 14.613374942
1512232675.640377998 0.845325342 3.474842429 14.613821556
1512232675.782380104 0.823314037 3.524965694 14.607505592
1512232675.937427998 0.797130520 3.587028960 14.602113890
1512232676.131980896 0.773526944 3.639792724 14.601972610
1512232676.263674021 0.755631486 3.681157788 14.597615161
1512232676.450203896 0.736627771 3.732626828 14.590110807
1512232676.638374090 0.711941669 3.794381315 14.586753751
1512232676.844055891 0.693594355 3.836384990 14.586064539
1512232677.012938023 0.671281055 3.887370755 14.587548705
1512232677.207072973 0.640253471 3.957432083 14.587976791
1512232677.344583988 0.608106068 4.012311496 14.602037154
1512232677.659693003 0.483443171 4.007916874 14.769325299
1512232677.879209995 0.445962103 3.953889892 14.910707719
1512232678.124459028 0.406577882 3.942888046 15.033105241
1512232678.217813015 0.395330860 3.954242664 15.032645009
1512232678.530630112 0.357046487 3.985745547 15.032433570
1512232678.820055008 0.290034888 4.042635048 15.022728317
1512232678.989135027 0.241328067 4.084253283 15.016828375
1512232679.251238108 0.177523216 4.140620322 15.011307317
1512232679.387039900 0.141411469 4.174622300 15.005646544
1512232679.681301117 0.078833163 4.238504989 14.992565552
1512232679.923880100 0.029402290 4.273311909 14.984080685
1512232680.237849951 -0.053212779 4.361115733 14.972795182
1512232680.465073109 -0.122800054 4.439001814 14.976566444
1512232680.636378050 -0.174255296 4.487301427 14.978502493
1512232680.856504917 -0.239753019 4.546737144 14.982098258
1512232681.072988987 -0.306793218 4.605949077 14.988389459
1512232681.325918913 -0.358547367 4.656551870 14.988370487
1512232681.581466913 -0.425956724 4.725338604 14.982901560
1512232681.805504084 -0.448984559 4.793070325 14.926826460
1512232682.035305977 -0.443154230 4.870727736 14.822122628
1512232682.225729942 -0.417108732 4.972242351 14.736401506
1512232682.496277094 -0.404041000 5.065488802 14.637866198
1512232682.745825052 -0.366940963 5.129825570 14.518158744
1512232683.022568941 -0.358525547 5.232774497 14.441550899
1512232683.192276955 -0.401510658 5.247677683 14.503033116
1512232683.381613970 -0.455807849 5.282577624 14.566933583
1512232683.572601080 -0.511375822 5.301353210 14.642247712
1512232683.750293970 -0.555172787 5.311839294 14.719165781
1512232683.934376955 -0.594832925 5.371051108 14.727641083
1512232684.110183001 -0.623624850 5.418416114 14.728346773
1512232684.366187096 -0.671156984 5.494646970 14.728835258
1512232684.541492939 -0.700298966 5.539481069 14.732176578
1512232684.727267981 -0.736422398 5.592746879 14.737669510
1512232684.900990009 -0.761786318 5.627806115 14.740451991
1512232685.226084948 -0.831560676 5.722070680 14.755199088
1512232685.423192978 -0.886271278 5.789749300 14.768973574
1512232685.669239044 -0.927288095 5.841195605 14.774343720
1512232685.866051912 -0.973695823 5.898161182 14.781213179
1512232686.075860977 -1.018721378 5.958213893 14.783062024
1512232686.324351072 -1.057520777 6.012533885 14.777827866
1512232686.585067987 -1.102230352 6.029460316 14.830675246
1512232686.772017956 -1.149205471 6.021282379 14.908883656
1512232688.662101984 -1.779733913 5.989351214 15.740745892
1512232688.814876080 -1.829745130 5.951988734 15.844589370
1512232689.000308990 -1.850270428 5.909521517 15.914601489
1512232689.174319029 -1.868867623 5.876547518 15.962858806
1512232689.350408077 -1.886517499 5.837364067 16.024797035
1512232689.621531010 -1.917185593 5.762096318 16.121690440
1512232689.875524998 -1.948466121 5.684313760 16.214056855
1512232690.117023945 -1.957738368 5.632156569 16.281433080
1512232690.362579107 -1.963778026 5.563210041 16.373854342
1512232690.511421919 -1.963945862 5.527803286 16.424459240
1512232690.779016972 -1.960544154 5.476103850 16.497290406
1512232691.047525883 -1.947301349 5.420971030 16.583426429
1512232692.354387999 -2.194091647 5.293630843 16.924358552
1512232692.593569994 -2.173809929 5.253310284 16.986414117
1512232692.789026022 -2.154248743 5.232828902 17.032287845
1512232692.957679033 -2.126043562 5.195802472 17.097169117
1512232693.183722019 -2.084960934 5.136886216 17.184269726
1512232693.401627064 -2.038087960 5.094767024 17.273752569
1512232693.618055105 -1.995168747 5.055012361 17.343056142
1512232693.867876053 -1.952453342 5.039835023 17.432861894
1512232695.353178978 -1.976962890 4.513971175 17.452918172
1512232695.579097986 -1.969453233 4.423754798 17.445344477
1512232695.760469913 -1.965572549 4.380088432 17.440935361
1512232695.923645973 -1.962558907 4.324365618 17.433110151
1512232696.084006071 -1.959836798 4.278832769 17.425009500
1512232696.299113989 -1.957112287 4.199060271 17.410869888
1512232696.524359941 -1.954433567 4.123245478 17.405628936
1512232696.769125938 -1.952027004 4.057463363 17.400679025
1512232696.919305086 -1.949033794 4.002245186 17.399986862
1512232697.170994997 -1.936210193 3.915767260 17.412860672
1512232697.417633057 -1.924961144 3.840625701 17.424297338
1512232697.645262957 -1.845784424 3.772686717 17.526099498
1512232697.811547041 -1.792726874 3.753472266 17.596613567
1512232699.331861973 -1.497003026 3.316443364 17.742259114
1512232699.579400063 -1.467676859 3.242169341 17.734755131
1512232699.746043921 -1.442771208 3.179185700 17.729111615
1512232699.929217100 -1.426055561 3.135809324 17.726348863
1512232700.102324009 -1.405409327 3.087389364 17.726164583
1512232700.362369061 -1.365632808 2.992817970 17.726161883
1512232700.519866943 -1.342222400 2.937347342 17.725110547
1512232700.831583023 -1.296881728 2.830944595 17.726651282
1512232701.004909992 -1.271978002 2.774554104 17.727428545
1512232701.295541048 -1.296685710 2.716633301 17.650103303
1512232701.479070902 -1.314277392 2.667368869 17.578837795
1512232701.690943003 -1.337807181 2.548129824 17.511231452
1512232701.911077023 -1.328185284 2.455515466 17.496771235
1512232702.135071039 -1.320488997 2.386389869 17.486691736
1512232702.339654922 -1.315960076 2.337464747 17.479830623
1512232702.602823019 -1.308008697 2.258703097 17.468830465
1512232702.889792919 -1.301907270 2.148691082 17.453995461
1512232703.060785055 -1.298032719 2.084122189 17.445010460
1512232703.229027987 -1.293111628 2.019734834 17.437213656
1512232703.482494116 -1.289684010 1.903696618 17.417209291
1512232703.664016962 -1.293136355 1.842541713 17.402926355
1512232703.875643015 -1.297309224 1.755022637 17.382469207
1512232704.122426033 -1.304147332 1.656412552 17.359734921
1512232704.278229952 -1.307669696 1.605208752 17.351122012
1512232704.436458111 -1.313108835 1.540779554 17.339664924
1512232704.760400057 -1.318568336 1.419166824 17.327484480
1512232704.980992079 -1.321561010 1.324446530 17.329987688
1512232705.161041975 -1.325227332 1.262799729 17.334061873
1512232705.423439980 -1.325156393 1.191427364 17.333722486
1512232705.642606974 -1.326397349 1.096124465 17.331889740
1512232705.911724091 -1.329441332 1.001670003 17.321731239
1512232706.087291002 -1.332734919 0.946924695 17.314716835
1512232706.264317989 -1.336999692 0.891947230 17.303042275
1512232706.506669998 -1.341191012 0.826504491 17.284190930
1512232706.864170074 -1.367337241 0.639448701 17.266239561
1512232708.101639032 -1.145417984 0.313568366 17.392575627
1512232708.341130972 -1.084065685 0.259737000 17.470663713
1512232708.420676947 -1.051462474 0.240538880 17.516292539
1512232708.702230930 -0.971564047 0.191918896 17.622613967
1512232708.912960052 -0.867411263 0.151974420 17.764755881
1512232709.147979021 -0.782595532 0.120815576 17.877116069
1512232710.620338917 -0.295000000 -0.000000000 18.849555900
1512232710.773745060 -0.251345331 -0.002880035 18.847221668
1512232710.937608957 -0.194446450 -0.002401350 18.847962845
1512232711.091801882 -0.148785560 -0.002423063 18.849138469
1512232711.275500059 -0.088391764 -0.001908673 18.849938213
1512232711.520610094 0.007943796 -0.001752602 18.850973844
1512232711.774348974 0.094530599 -0.003351163 18.853044633
1512232711.983774900 0.190550970 -0.004418975 18.860534156
1512232712.210900068 0.271690505 -0.005583879 18.857312071
