1512232502.018991232 0.000000000
1512232502.175266981 -0.000004289
1512232502.253857374 0.000041421
1512232502.332709312 0.000042228
1512232502.438340664 0.000020092
1512232502.508514643 0.000023095
1512232502.566690207 0.000189072
1512232502.640438080 0.000058762
1512232502.710925341 0.000026817
1512232502.806958675 -0.000003320
1512232502.876871586 0.000004211
1512232502.949670553 -0.000014739
1512232503.015976667 0.000029637
1512232503.088303804 0.000025613
1512232503.151818037 0.000028987
1512232503.224581957 0.000050330
1512232503.282911301 0.000006462
1512232503.355488062 0.000054902
1512232503.432089806 0.000021139
1512232503.497609138 0.000051923
1512232503.579175472 0.000053240
1512232503.644377947 0.000000694
1512232503.739550114 0.000070867
1512232503.806180716 0.000030124
1512232503.864459515 0.000060109
1512232503.927057505 0.000068602
1512232504.023443222 0.000017533
1512232504.094264746 0.000067196
1512232504.165249348 0.000076516
1512232504.258773565 0.000050317
1512232504.350111961 0.000024620
1512232504.429080963 0.000014525
1512232504.512561560 0.000038925
1512232504.579721451 0.000004248
1512232504.675407171 0.000010952
1512232504.744075298 0.000023611
1512232504.825968504 0.000033559
1512232504.903832674 0.000047655
1512232504.990204573 0.000005123
1512232505.063799381 0.000023960
1512232505.141207933 0.000046803
1512232505.191611052 0.000035096
1512232505.253122807 0.000105631
1512232505.322080135 -0.000057812
1512232505.398715973 0.000024014
1512232505.462012768 0.000078644
1512232505.529928207 0.000005924
1512232505.605603218 0.000082881
1512232505.679630041 0.000015999
1512232505.739350796 0.000012555
1512232505.799852133 0.000077174
1512232505.872490644 0.000017820
1512232505.941450834 -0.000006362
1512232506.000874281 0.000011966
1512232506.071633339 0.000088086
1512232506.166966200 0.000052502
1512232506.232734919 0.000100828
1512232506.309542656 0.000020593
1512232506.362491369 0.000053268
1512232506.430510759 0.000000201
1512232506.504236460 0.000021343
1512232506.592880249 0.000062685
1512232506.686444759 0.000017733
1512232506.789116859 -0.000001995
1512232506.852512598 0.000052423
1512232506.936557770 0.000051840
1512232506.994105101 0.000047399
1512232507.067491770 0.000036714
1512232507.165251255 0.000006765
1512232507.240499258 0.000046200
1512232507.333517313 0.000061744
1512232507.423924685 0.000033872
1512232507.491593599 0.000067729
1512232507.578928947 0.000005602
1512232507.632910013 0.000017148
1512232507.704552412 -0.000017616
1512232507.799785614 0.000036187
1512232507.882764339 -0.000003503
1512232507.976033926 0.000095909
1512232508.052605152 0.000032769
1512232508.130600452 0.000028874
1512232508.191093922 0.000031137
1512232508.267313719 0.000081240
1512232508.362259626 -0.000007408
1512232508.414701700 0.000014693
1512232508.479035378 0.000004585
1512232508.566038847 0.000088940
1512232508.621332645 0.000034355
1512232508.679544210 0.000045695
1512232508.745594501 0.000081558
1512232508.832079649 0.000075324
1512232508.924533844 0.000064447
1512232509.009768724 0.000005443
1512232509.069516659 -0.000002072
1512232509.158017874 0.000024611
1512232509.216346264 0.000032016
1512232509.283509493 0.000009083
1512232509.359643936 0.000042532
1512232509.435947895 0.000018996
1512232509.535151243 -0.000015013
1512232509.627305746 0.000094602
1512232509.717165232 0.000103167
1512232509.838521004 0.000017510
1512232509.906208277 0.000026077
1512232509.986138582 0.000001322
1512232510.071869850 0.000026765
1512232510.143627644 0.000024409
1512232510.226769924 0.000034155
1512232510.281317472 0.000050079
1512232510.365763426 0.000081742
1512232510.434369564 0.000009538
1512232510.502650261 0.000028930
1512232510.577846289 0.000035630
1512232510.647620678 0.000024095
1512232510.708592415 0.000111610
1512232510.774486542 0.000055255
1512232510.832469702 0.000050993
1512232510.934569120 0.000007954
1512232511.033954382 0.000084001
1512232511.096337318 0.000037502
1512232511.173484325 0.000033584
1512232511.238420486 0.000012038
1512232511.289767742 0.000014945
1512232511.345474005 0.000025702
1512232511.411308765 0.000075780
1512232511.483265638 -0.000010260
1512232511.546672583 0.000053798
1512232511.599411726 0.000046149
1512232511.665067911 0.000003131
1512232511.724977732 0.000027322
1512232511.790115118 0.000027601
1512232511.849381447 0.000013173
1512232511.918137074 0.000037668
1512232511.997057199 0.000028205
1512232512.060554028 0.000089350
1512232512.138816357 0.000027430
1512232512.215738297 0.000047393
1512232512.290403843 0.000025603
1512232512.364230394 0.000009971
1512232512.434003830 0.000108774
1512232512.499983549 -0.000000163
1512232512.565109730 0.000043205
1512232512.627045393 0.000020845
1512232512.706131220 0.000031851
1512232512.782758474 0.000075277
1512232512.870534897 0.000025647
1512232512.957495689 0.000027652
1512232513.031591892 0.000013489
1512232513.118438721 0.000026095
1512232513.183760881 0.000050220
1512232513.238833427 0.000020071
1512232513.296683788 0.000004032
1512232513.352098465 0.000038720
1512232513.411343575 0.000052210
1512232513.469295025 0.000064726
1512232513.545922041 0.000047735
1512232513.624150038 0.000041674
1512232513.695390940 0.000012703
1512232513.765665770 0.000054131
1512232513.847545624 0.000065890
1512232513.924962521 0.000027799
1512232514.010073185 0.000095303
1512232514.065501928 0.000009681
1512232514.130124092 0.000072226
1512232514.214188814 0.000004106
1512232514.283941269 -0.000004144
1512232514.371121883 0.000033234
1512232514.423559904 0.000013916
1512232514.493998766 0.000032911
1512232514.564430952 0.000032022
1512232514.640804291 0.000041304
1512232514.698517323 -0.000018622
1512232514.767775774 0.000057902
1512232514.842978954 0.000027204
1512232514.899237156 0.000023614
1512232514.959551096 0.000027949
1512232515.023015738 0.000055063
1512232515.103616238 0.000023301
1512232515.160892010 0.000016288
1512232515.217317343 0.000004000
1512232515.275650740 0.000040689
1512232515.342146397 0.000035649
1512232515.399650097 0.000026773
1512232515.456142187 0.000006300
1512232515.509569645 0.000034145
1512232515.567446470 0.000033598
1512232515.622167349 0.000078588
1512232515.682050467 0.000044898
1512232515.749177694 -0.000000308
1512232515.805639505 0.000040516
1512232515.865856409 0.000019810
1512232515.917429686 0.000030909
1512232515.984478235 -0.000054219
1512232516.061975718 0.000062741
1512232516.148322344 0.000033267
1512232516.230875492 -0.000000914
1512232516.328417540 0.000014257
1512232516.417672873 -0.000022999
1512232516.492805958 0.000048200
1512232516.589177847 0.000031959
1512232516.671762943 0.000091295
1512232516.739099026 0.000046165
1512232516.804872990 0.000027268
1512232516.873162746 0.000025538
1512232516.947374821 0.000030364
1512232517.008992910 0.000023678
1512232517.119027853 0.000018112
1512232517.184723139 -0.000001519
1512232517.244524717 0.000027320
1512232517.306697845 0.000010870
1512232517.363999844 -0.000006189
1512232517.436867714 0.000028059
1512232517.510546923 0.000001307
1512232517.610007286 -0.000006843
1512232517.695737600 0.000001570
1512232517.752046347 0.000027633
1512232517.823950768 0.000015941
1512232517.922152281 0.000011813
1512232517.980365038 0.000011179
1512232518.043420076 0.000041559
1512232518.099204779 0.000026895
1512232518.170456886 0.000015765
1512232518.229303360 0.000032931
1512232518.296424389 0.000028322
1512232518.374604940 0.000049556
1512232518.445089579 0.000032132
1512232518.496913671 0.000022725
1512232518.567380667 0.000025762
1512232518.640617132 0.000007170
1512232518.690084934 0.000041830
1512232518.745130062 -0.000009701
1512232518.813745499 0.000022687
1512232518.871120214 0.000020889
1512232518.931449175 0.000035881
1512232519.005694389 0.000021030
1512232519.061300993 0.000005895
1512232519.115636826 -0.000001947
1512232519.189358473 0.000009228
1512232519.264332771 0.000043715
1512232519.322349548 0.000020227
1512232519.380331993 0.000021523
1512232519.445246458 0.000004737
1512232519.501396418 0.000038215
1512232519.570209742 0.000132509
1512232519.643553495 -0.000005533
1512232519.714678764 0.000071490
1512232519.779123306 0.000027739
1512232519.871637583 0.000012958
1512232519.953128338 0.000006379
1512232520.032240152 0.000024437
1512232520.097726345 -0.000001511
1512232520.186948538 -0.000019463
1512232520.254382849 0.000011348
1512232520.327471733 -0.000010925
1512232520.424052715 0.000071746
1512232520.505244970 0.000086250
1512232520.575100422 0.000049616
1512232520.658767939 0.000031299
1512232520.729466438 0.000006684
1512232520.790703535 0.000052737
1512232520.864109755 0.000012144
1512232520.942528248 0.000008716
1512232521.008662939 -0.000001867
1512232521.102912188 -0.000022814
1512232521.161247969 0.000033814
1512232521.239141226 -0.000002231
1512232521.309507847 0.000003139
1512232521.369100809 0.000003528
1512232521.456568241 0.000020162
1512232521.534929276 0.000012621
1512232521.619417191 0.000057188
1512232521.710741997 0.000142852
1512232521.805220127 0.000034781
1512232521.890782356 -0.000003849
1512232521.976382017 0.000026516
1512232522.032906055 0.000013673
1512232522.101130962 0.000033302
1512232522.202921867 0.000021112
1512232522.288038015 0.000009331
1512232522.361855507 0.000005878
1512232522.445335627 0.000024008
1512232522.504617453 0.000045512
1512232522.585714340 0.000093843
1512232522.650967598 0.000025815
1512232522.722237110 0.000062182
1512232522.792920351 0.000028456
1512232522.880678415 0.000019019
1512232522.941610813 0.000003385
1512232523.006541491 0.000019224
1512232523.077773809 0.000004888
1512232523.145400763 0.000028348
1512232523.201694012 0.000003065
1512232523.264214993 0.000064900
1512232523.321474791 0.000022892
1512232523.372871399 0.000013170
1512232523.427126884 -0.000018604
1512232523.503388882 0.000050720
1512232523.570935011 0.000015245
1512232523.628484964 0.000030531
1512232523.695652962 0.000016712
1512232523.746114731 0.000060196
1512232523.801229477 0.000021129
1512232523.865884781 -0.000017098
1512232523.920500994 0.000078611
1512232523.975045204 0.000012521
1512232524.036550760 0.000038475
1512232524.105662107 -0.000031416
1512232524.175657272 -0.000008695
1512232524.232751131 0.000045965
1512232524.301849127 0.000583634
1512232524.376111031 0.000762379
1512232524.457301855 0.000177306
1512232524.550163984 0.000555401
1512232524.635564327 0.000976165
1512232524.700957537 0.000724519
1512232524.797564030 0.000695301
1512232524.881211519 0.000912912
1512232524.941374302 0.002409899
1512232525.008561850 0.004321801
1512232525.089104414 0.006513102
1512232525.159818649 0.008357287
1512232525.233432055 0.011882679
1512232525.292953968 0.013879763
1512232525.351479530 0.016086846
1512232525.417184114 0.017816162
1512232525.475665092 0.019847889
1512232525.552409410 0.021095084
1512232525.615415573 0.022651076
1512232525.681971550 0.024214434
1512232525.752936125 0.025703438
1512232525.839706421 0.027042632
1512232525.900318384 0.028741117
1512232525.991672039 0.029158671
1512232526.063339949 0.028713683
1512232526.141144514 0.028963738
1512232526.200659752 0.028508029
1512232526.268593073 0.028375652
1512232526.341243029 0.028063729
1512232526.400507689 0.027990439
1512232526.461783409 0.022234536
1512232526.544840336 0.013333753
1512232526.613020420 -0.014413468
1512232526.681495905 -0.056871826
1512232526.760184050 -0.070188369
1512232526.827170849 -0.097710476
1512232526.934940100 -0.138056378
1512232527.003722668 -0.163796202
1512232527.083036423 -0.190056807
1512232527.194031954 -0.215877100
1512232527.285226583 -0.242357642
1512232527.372313976 -0.280601192
1512232527.449740887 -0.306777056
1512232527.553011179 -0.345757189
1512232527.643354654 -0.400214058
1512232527.723298550 -0.426411154
1512232527.799950361 -0.466579174
1512232527.891148329 -0.492721176
1512232527.970888853 -0.531800409
1512232528.056242228 -0.568533274
1512232528.135273695 -0.593197185
1512232528.208334684 -0.616798162
1512232528.292791367 -0.655952776
1512232528.384143591 -0.692010168
1512232528.456241846 -0.718564804
1512232528.525197268 -0.744099301
1512232528.595494270 -0.779436765
1512232528.672118664 -0.783549197
1512232528.770479918 -0.790714598
1512232528.870878458 -0.794604594
1512232528.953628540 -0.798974746
1512232529.041609764 -0.803135051
1512232529.116697550 -0.807428718
1512232529.200680017 -0.811401194
1512232529.270523071 -0.817360106
1512232529.359905720 -0.820588795
1512232529.464903355 -0.825550278
1512232529.556633234 -0.828827404
1512232529.631368637 -0.831572860
1512232529.710049629 -0.835411604
1512232529.792933702 -0.837799238
1512232529.895537615 -0.841458590
1512232529.997596025 -0.844223529
1512232530.103798389 -0.846579743
1512232530.199778557 -0.849502790
1512232530.302888870 -0.852164403
1512232530.390770674 -0.855351955
1512232530.469462395 -0.860800783
1512232530.547059774 -0.864830894
1512232530.628254652 -0.866506468
1512232530.707436085 -0.864032596
1512232530.795838594 -0.871940989
1512232530.871734619 -0.838739884
1512232530.950913906 -0.790224865
1512232531.031225681 -0.758143200
1512232531.102466583 -0.710077323
1512232531.186652660 -0.676848339
1512232531.257793427 -0.627732479
1512232531.322521687 -0.594072395
1512232531.399822712 -0.561713842
1512232531.487261295 -0.530986980
1512232531.570633173 -0.487957870
1512232531.670597076 -0.458256509
1512232531.751239061 -0.429755944
1512232531.845711231 -0.400982843
1512232531.913089514 -0.362622260
1512232532.004462481 -0.346675117
1512232532.088150740 -0.342361898
1512232532.185752630 -0.339524020
1512232532.262348175 -0.338717587
1512232532.340579987 -0.335483493
1512232532.421467781 -0.334311754
1512232532.506941557 -0.333990040
1512232532.587362051 -0.333308865
1512232532.662053108 -0.333101661
1512232532.733098269 -0.332445741
1512232532.802613735 -0.331678429
1512232532.875560999 -0.330311541
1512232532.959733009 -0.329425969
1512232533.031332731 -0.312418852
1512232533.107485533 -0.281931834
1512232533.168859482 -0.248209474
1512232533.253850222 -0.199228639
1512232533.324730635 -0.167032864
1512232533.406833172 -0.135963038
1512232533.472867012 -0.094768949
1512232533.530946255 -0.070682897
1512232533.609686375 -0.048381525
1512232533.684383869 -0.026701625
1512232533.754665136 0.005052035
1512232533.849680424 0.026761757
1512232533.931901455 0.037107861
1512232533.998679161 0.068330129
1512232534.065890789 0.087574621
1512232534.148737907 0.106799813
1512232534.205495358 0.136897486
1512232534.299949884 0.157562337
1512232534.391865492 0.180248088
1512232534.518731833 0.203148638
1512232534.601641893 0.234146183
1512232534.690631390 0.252793714
1512232534.782520294 0.270206470
1512232534.856872320 0.293428608
1512232534.942476988 0.326367011
1512232535.020087004 0.346180618
1512232535.097397327 0.379866390
1512232535.194327831 0.417232399
1512232535.279219389 0.438852109
1512232535.346604109 0.490415939
1512232535.417465448 0.498257129
1512232535.496436596 0.508168139
1512232535.576130867 0.525547058
1512232535.661380529 0.555344815
1512232535.761228085 0.576107818
1512232535.822923183 0.597994784
1512232535.910067797 0.619628875
1512232535.974083185 0.649967173
1512232536.070447922 0.668986140
1512232536.143847942 0.695588627
1512232536.242443800 0.713486087
1512232536.340706110 0.740347905
1512232536.419487238 0.759814479
1512232536.496821404 0.791001235
1512232536.575237989 0.810972570
1512232536.673667192 0.840890636
1512232536.750248194 0.870421483
1512232536.814670086 0.890036652
1512232536.882909060 0.910404118
1512232536.964481354 0.940875209
1512232537.044088364 0.969527973
1512232537.139424562 0.985809868
1512232537.260813475 0.999462836
1512232537.343413115 1.010860551
1512232537.439529896 1.027007362
1512232537.522316456 1.037080178
1512232537.636820555 1.053146458
1512232537.711192846 1.075149732
1512232537.793410778 1.102261863
1512232537.886493921 1.133068263
1512232537.996507406 1.154649806
1512232538.075823545 1.193171351
1512232538.154453754 1.208147324
1512232538.251122475 1.222080832
1512232538.329304457 1.241437813
1512232538.407267332 1.262777562
1512232538.485285759 1.286596647
1512232538.556636333 1.304183716
1512232538.638493538 1.333342042
1512232538.742925644 1.354247886
1512232538.814749002 1.385517113
1512232538.902814627 1.404959172
1512232538.964416742 1.422630151
1512232539.041251659 1.446756702
1512232539.131830454 1.469375150
1512232539.196626186 1.484891965
1512232539.288161039 1.507668826
1512232539.366659164 1.515906184
1512232539.458330393 1.541075145
1512232539.528469324 1.558722213
1512232539.632527590 1.575978743
1512232539.716779470 1.599742574
1512232539.781087399 1.614552619
1512232539.857017517 1.637069682
1512232539.939077139 1.651183211
1512232540.011468649 1.674646872
1512232540.096225500 1.699686196
1512232540.196634054 1.716746018
1512232540.296372652 1.733409257
1512232540.384723902 1.757677942
1512232540.445590496 1.772897041
1512232540.540674210 1.787117029
1512232540.622567892 1.788161685
1512232540.705714703 1.788767495
1512232540.800760984 1.788581800
1512232540.877686262 1.788526957
1512232540.979826212 1.787519566
1512232541.044690371 1.786918918
1512232541.126403332 1.785990491
1512232541.218968391 1.784962125
1512232541.286170721 1.782887804
1512232541.375862598 1.781188731
1512232541.461921453 1.780483568
1512232541.536489248 1.779436325
1512232541.612166643 1.778871118
1512232541.684020281 1.778613137
1512232541.751072168 1.778932884
1512232541.831417561 1.780591351
1512232541.896197796 1.786241744
1512232541.955471039 1.825484782
1512232542.023180008 1.859122389
1512232542.106911182 1.891714992
1512232542.200980425 1.923498751
1512232542.305763483 1.955004420
1512232542.386916161 1.986725632
1512232542.459909678 2.019050497
1512232542.548416615 2.066637342
1512232542.624806404 2.087346024
1512232542.693083525 2.094162896
1512232542.763795137 2.097107527
1512232542.838922977 2.100745573
1512232542.932405949 2.104952176
1512232543.033742666 2.108062213
1512232543.112421751 2.110618192
1512232543.206890345 2.113035139
1512232543.283507347 2.115189986
1512232543.374274731 2.115638482
1512232543.474091768 2.116926999
1512232543.563698769 2.116874598
1512232543.650396109 2.116897874
1512232543.731539726 2.115908037
1512232543.823913574 2.114602068
1512232543.886555195 2.112903548
1512232543.977362871 2.111781764
1512232544.061126232 2.110403878
1512232544.156125546 2.109612064
1512232544.254024029 2.107455724
1512232544.342421293 2.104583707
1512232544.418190241 2.099402061
1512232544.495452642 2.095603880
1512232544.573512554 2.090373545
1512232544.644986391 2.086356464
1512232544.730563641 2.083371906
1512232544.825349331 2.081855988
1512232544.894511223 2.080349814
1512232544.971385717 2.077872482
1512232545.056478024 2.076684355
1512232545.142579794 2.075560637
1512232545.201276541 2.075635312
1512232545.294214249 2.076790022
1512232545.381906986 2.078360724
1512232545.474857330 2.081357087
1512232545.541407108 2.084711675
1512232545.619927168 2.086324900
1512232545.687103510 2.089914513
1512232545.759936333 2.092569776
1512232545.867007017 2.095874968
1512232545.965150833 2.097956078
1512232546.060703039 2.099842025
1512232546.141530752 2.101069613
1512232546.232785463 2.100708938
1512232546.326300383 2.099199996
1512232546.387459278 2.096186668
1512232546.464341640 2.092587689
1512232546.554940462 2.087613437
1512232546.626782894 2.085719466
1512232546.705963850 2.082683989
1512232546.776844025 2.081382264
1512232546.845163822 2.079230854
1512232546.923634529 2.076725091
1512232547.001064301 2.074469517
1512232547.079217911 2.073274918
1512232547.152220488 2.072550824
1512232547.220195532 2.071921343
1512232547.309173107 2.071254336
1512232547.375747919 2.070212236
1512232547.456565142 2.069157499
1512232547.532131195 2.068803638
1512232547.620640755 2.068601028
1512232547.718102217 2.068399766
1512232547.807212591 2.068247142
1512232547.870373249 2.068063254
1512232547.958162069 2.067655429
1512232548.024791956 2.068262838
1512232548.111008167 2.070496519
1512232548.188305378 2.072148706
1512232548.288290024 2.073156487
1512232548.360454559 2.074977384
1512232548.433388948 2.076378217
1512232548.531807661 2.078272085
1512232548.613321304 2.079443804
1512232548.708857059 2.080915580
1512232548.783396482 2.081964489
1512232548.858318329 2.082221392
1512232548.919769764 2.083556643
1512232548.993897676 2.084045751
1512232549.062601089 2.083597483
1512232549.155030489 2.083297443
1512232549.255575895 2.082746311
1512232549.328814507 2.082307418
1512232549.411327362 2.082341392
1512232549.488670111 2.082725007
1512232549.564460516 2.083046839
1512232549.648296833 2.083768621
1512232549.727472067 2.083967229
1512232549.806034327 2.084723792
1512232549.875220776 2.085267220
1512232549.933690786 2.085688368
1512232549.999480486 2.086292582
1512232550.082848310 2.085954673
1512232550.163388014 2.085856345
1512232550.260595798 2.085830371
1512232550.334149361 2.085942252
1512232550.413101435 2.085210619
1512232550.494203806 2.084709376
1512232550.569962263 2.084172096
1512232550.652128935 2.083410644
1512232550.748290539 2.082095374
1512232550.825510025 2.080469490
1512232550.908731699 2.078916917
1512232550.986883640 2.077354233
1512232551.053647280 2.074669296
1512232551.146580935 2.069574366
1512232551.239254713 2.067354840
1512232551.342364788 2.066260173
1512232551.457665205 2.063419497
1512232551.551178217 2.059948052
1512232551.635399818 2.055126920
1512232551.727651834 2.050319294
1512232551.818955660 2.047167497
1512232551.905144691 2.045651290
1512232551.990612984 2.039576500
1512232552.086087704 2.004182699
1512232552.163979292 1.978688140
1512232552.262743235 1.941152931
1512232552.429218769 1.896512055
1512232552.583187103 1.866868799
1512232552.660080671 1.826831795
1512232552.731601238 1.799717372
1512232552.825358152 1.747619409
1512232552.890810490 1.730741999
1512232552.984596252 1.720525838
1512232553.073726177 1.716956375
1512232553.151083231 1.715323354
1512232553.224768400 1.713070414
1512232553.287141323 1.711020062
1512232553.365113735 1.709484456
1512232553.436200857 1.720153557
1512232553.519235611 1.747525744
1512232553.597034216 1.785485634
1512232553.669095278 1.821914359
1512232553.765450001 1.858356717
1512232553.846253872 1.894593980
1512232553.920066595 1.945336207
1512232554.017366171 1.976143798
1512232554.100814819 2.017717546
1512232554.192661047 2.044363560
1512232554.282681227 2.081509376
1512232554.359390974 2.094928996
1512232554.444324255 2.094793524
1512232554.525850534 2.095783773
1512232554.595128536 2.096540923
1512232554.671632290 2.097553256
1512232554.750783920 2.098275401
1512232554.822602749 2.098074199
1512232554.928754330 2.096812195
1512232555.022601366 2.095249029
1512232555.116861582 2.093648105
1512232555.193446398 2.092726434
1512232555.256886005 2.091758760
1512232555.331747293 2.089635606
1512232555.412377596 2.087972198
1512232555.492522240 2.083685805
1512232555.559878826 2.080603792
1512232555.630707502 2.077440734
1512232555.706975937 2.074851074
1512232555.766556025 2.070237099
1512232555.833389044 2.067210359
1512232555.913652420 2.065215153
1512232555.981041908 2.063525555
1512232556.064248562 2.061933130
1512232556.143959045 2.061174835
1512232556.222501516 2.060810036
1512232556.313141108 2.058783164
1512232556.373831034 2.058098563
1512232556.474297762 2.057888012
1512232556.577434301 2.059022084
1512232556.657590151 2.060089230
1512232556.754557610 2.060859060
1512232556.830999613 2.062009049
1512232556.900179386 2.063151176
1512232556.974742889 2.065705957
1512232557.040008545 2.067737010
1512232557.116579771 2.071102892
1512232557.190016508 2.072402045
1512232557.285926580 2.078459501
1512232557.376773119 2.080599371
1512232557.465255499 2.082191333
1512232557.545839310 2.084645268
1512232557.610249996 2.085446722
1512232557.692420006 2.086940489
1512232557.790071726 2.087752037
1512232557.894430637 2.086831431
1512232557.968684435 2.085674103
1512232558.063313246 2.084059024
1512232558.141948700 2.083487611
1512232558.216435432 2.081912841
1512232558.294910908 2.079024799
1512232558.374627829 2.077342719
1512232558.464636803 2.076987149
1512232558.546571970 2.076501301
1512232558.624537468 2.075570414
1512232558.694541454 2.075099437
1512232558.755496025 2.073778328
1512232558.820771456 2.072262024
1512232558.912247658 2.071145684
1512232558.984923601 2.071282399
1512232559.048436403 2.071445220
1512232559.122480869 2.072009257
1512232559.220243454 2.072312691
1512232559.316007376 2.072278133
1512232559.380650043 2.072466660
1512232559.445039272 2.072170207
1512232559.499902010 2.070953558
1512232559.568775177 2.070784271
1512232559.647143364 2.070278423
1512232559.709725380 2.069794872
1512232559.799776793 2.070422862
1512232559.868691683 2.070302257
1512232559.954478264 2.070349131
1512232560.031403065 2.070304584
1512232560.114553452 2.070106149
1512232560.185537100 2.058978375
1512232560.271035194 2.018550746
1512232560.382519245 1.992360274
1512232560.461851358 1.966658418
1512232560.576189518 1.928412024
1512232560.649275303 1.904192528
1512232560.712911844 1.867664103
1512232560.797457695 1.834150051
1512232560.867632389 1.811916308
1512232560.939537287 1.768133765
1512232561.023923635 1.746911099
1512232561.096256018 1.723946537
1512232561.179281712 1.705823771
1512232561.245285511 1.725766483
1512232561.316125393 1.758855649
1512232561.387360811 1.789858888
1512232561.483687878 1.835776218
1512232561.583351612 1.849466400
1512232561.670063734 1.861844906
1512232561.744523048 1.885407676
1512232561.825687170 1.907484872
1512232561.928221703 1.941709678
1512232562.024935961 1.976120069
1512232562.095142841 2.011185195
1512232562.194579840 2.034165685
1512232562.274821520 2.056933827
1512232562.425601006 2.088073043
1512232562.521111727 2.118573966
1512232562.593021631 2.137488358
1512232562.673019648 2.166263904
1512232562.744076490 2.194771897
1512232562.836438417 2.226846169
1512232562.899574280 2.247557192
1512232562.975803375 2.262570716
1512232563.067196369 2.285189814
1512232563.132054329 2.302545365
1512232563.239090443 2.331284866
1512232563.322177649 2.351113327
1512232563.413013697 2.370810500
1512232563.503348351 2.398484387
1512232563.575893164 2.407108526
1512232563.656666279 2.436070626
1512232563.744540930 2.448318819
1512232563.832526207 2.470213935
1512232563.892204285 2.497152755
1512232563.967536449 2.516291473
1512232564.037360191 2.538921272
1512232564.112210751 2.572913103
1512232564.179156542 2.593173307
1512232564.245488167 2.610548527
1512232564.324713945 2.625483166
1512232564.400610685 2.645371866
1512232564.499621868 2.658590969
1512232564.582204819 2.672565987
1512232564.680009127 2.687802488
1512232564.769749641 2.705619560
1512232564.869638681 2.726051822
1512232564.968212128 2.759039065
1512232565.061795712 2.793936522
1512232565.171905041 2.824186147
1512232565.249350309 2.851798978
1512232565.331175804 2.877631065
1512232565.413503647 2.906576200
1512232565.485255480 2.928754532
1512232565.555369377 2.974780379
1512232565.654963017 2.998201394
1512232565.738777399 3.020637052
1512232565.813931942 3.052019982
1512232565.875034809 3.073146902
1512232565.961488008 3.094968259
1512232566.031363726 3.138126513
1512232566.098589420 3.159633985
1512232566.194365501 3.179868645
1512232566.288511753 3.199092503
1512232566.395230770 3.217809806
1512232566.473037958 3.247123858
1512232566.543990850 3.257863990
1512232566.638562441 3.289681277
1512232566.704910517 3.324080216
1512232566.792372465 3.356911873
1512232566.867758751 3.386415915
1512232566.964622259 3.404209582
1512232567.037412167 3.429891850
1512232567.114684105 3.448267704
1512232567.190247059 3.468247294
1512232567.249719858 3.528716637
1512232567.343034267 3.565457594
1512232567.459096193 3.587723164
1512232567.538094997 3.607900566
1512232567.628136635 3.636129529
1512232567.703081131 3.655133706
1512232567.791408300 3.687348050
1512232567.883982897 3.722566200
1512232567.976013422 3.734312215
1512232568.071209431 3.746394477
1512232568.149856091 3.781094489
1512232568.235117197 3.802429524
1512232568.318404913 3.834718025
1512232568.428195238 3.870063006
1512232568.513630629 3.906616057
1512232568.582686186 3.929094717
1512232568.651911974 3.961613234
1512232568.719856501 3.980924703
1512232568.819859028 4.008413900
1512232568.912693262 4.039513500
1512232568.990902662 4.061919294
1512232569.085936308 4.086279744
1512232569.171742201 4.111119212
1512232569.250127316 4.145318538
1512232569.315574646 4.176465060
1512232569.377105951 4.195172728
1512232569.446700335 4.220839184
1512232569.523673058 4.244152289
1512232569.589919329 4.261070541
1512232569.659220457 4.280287082
1512232569.750300646 4.300008929
1512232569.824214697 4.321412070
1512232569.896288633 4.344554929
1512232569.973063946 4.367944122
1512232570.045479536 4.389201971
1512232570.120807886 4.416687141
1512232570.183625937 4.433380571
1512232570.245575190 4.449750294
1512232570.336916685 4.475442380
1512232570.415066719 4.495407557
1512232570.506026745 4.517332069
1512232570.573395491 4.540706376
1512232570.660854816 4.564362985
1512232570.746642351 4.599030972
1512232570.828724146 4.620465024
1512232570.923563480 4.653109685
1512232571.025649309 4.675173466
1512232571.105871677 4.697415961
1512232571.189536095 4.724657997
1512232571.275949240 4.724960560
1512232571.352713346 4.724835210
1512232571.445373058 4.724819580
1512232571.532877684 4.724755390
1512232571.608030081 4.723785254
1512232571.674613953 4.722367428
1512232571.747607231 4.721278640
1512232571.815762997 4.720749026
1512232571.908881187 4.720403903
1512232571.974244356 4.719596266
1512232572.044536114 4.718354983
1512232572.123217821 4.716515527
1512232572.191753387 4.714333227
1512232572.257202148 4.710297181
1512232572.374126911 4.708372491
1512232572.475847483 4.705816550
1512232572.576228857 4.703433740
1512232572.657904387 4.701108825
1512232572.740952253 4.699145246
1512232572.815961361 4.695768600
1512232572.896954298 4.693410439
1512232572.968838215 4.691225241
1512232573.061732769 4.690039796
1512232573.137780666 4.687772745
1512232573.206050873 4.686622120
1512232573.287795305 4.685848007
1512232573.353864193 4.685250334
1512232573.436379433 4.685069620
1512232573.504839659 4.684686149
1512232573.571234703 4.684540000
1512232573.657068729 4.684411831
1512232573.727324963 4.684238239
1512232573.804930925 4.684235295
1512232573.885383368 4.685298314
1512232573.964325905 4.686508258
1512232574.039877892 4.687135673
1512232574.100018978 4.687775058
1512232574.183011055 4.688298668
1512232574.254433632 4.688848495
1512232574.348371983 4.689749299
1512232574.420890808 4.690899566
1512232574.484844685 4.691568867
1512232574.581153154 4.693618555
1512232574.648471594 4.694468672
1512232574.727710962 4.713090486
1512232574.811317444 4.745728376
1512232574.883800030 4.780319102
1512232574.959341764 4.830781946
1512232575.019771338 4.864027551
1512232575.091995001 4.897371519
1512232575.205972433 4.946338450
1512232575.279652119 4.978285249
1512232575.353344679 5.009875175
1512232575.448564529 5.040362135
1512232575.508037090 5.054352134
1512232575.575333118 5.024514150
1512232575.633684397 4.997752429
1512232575.701265574 4.971341218
1512232575.779793262 4.932334330
1512232575.836131096 4.906780171
1512232575.900932550 4.881791578
1512232575.991693020 4.855445358
1512232576.064111948 4.828784068
1512232576.125061035 4.804723818
1512232576.198472977 4.797782007
1512232576.276991367 4.793770963
1512232576.368499756 4.783656568
1512232576.452239752 4.776574652
1512232576.532129765 4.769315391
1512232576.607680082 4.757761126
1512232576.693112135 4.749984151
1512232576.791788816 4.737721581
1512232576.890424252 4.730204153
1512232576.990758419 4.718867230
1512232577.070145369 4.714147779
1512232577.158554554 4.709288138
1512232577.242965460 4.703594365
1512232577.325990200 4.697392102
1512232577.408450127 4.690908307
1512232577.535509586 4.694648421
1512232577.637804508 4.718854809
1512232577.720672607 4.769062697
1512232577.835600376 4.801472272
1512232577.912574291 4.849579185
1512232578.008701801 4.891293437
1512232578.083514690 4.893570588
1512232578.160974026 4.895085074
1512232578.233641863 4.896569092
1512232578.303406954 4.897204394
1512232578.382959604 4.898520739
1512232578.446015120 4.899923435
1512232578.515259504 4.900955233
1512232578.592957258 4.901761664
1512232578.662734270 4.903808086
1512232578.732989073 4.904687705
1512232578.815879583 4.905453195
1512232578.885680676 4.905691741
1512232578.967549801 4.905840417
1512232579.057355404 4.905679856
1512232579.148682117 4.907391029
1512232579.217895985 4.909042889
1512232579.292677402 4.910830092
1512232579.365997314 4.912368067
1512232579.441180468 4.912900524
1512232579.506241322 4.913603142
1512232579.561902523 4.914055113
1512232579.625016928 4.914954732
1512232579.727748871 4.915812781
1512232579.829932451 4.916203812
1512232579.904276371 4.916131411
1512232579.980989218 4.916107869
1512232580.074410677 4.916568635
1512232580.146366596 4.917308232
1512232580.202463627 4.918688367
1512232580.285068274 4.920278520
1512232580.360724211 4.921811725
1512232580.423395157 4.921979873
1512232580.515234232 4.921312680
1512232580.592578411 4.920615694
1512232580.676439285 4.919261670
1512232580.750677824 4.917576228
1512232580.834928751 4.915635255
1512232580.912008286 4.910752414
1512232581.010782003 4.889356518
1512232581.096946716 4.793733409
1512232581.180416822 4.762490513
1512232581.264402151 4.731368288
1512232581.340080500 4.684669155
1512232581.419151545 4.669489098
1512232581.502530575 4.655238981
1512232581.590443373 4.618292828
1512232581.693173647 4.613302648
1512232581.784159422 4.604798661
1512232581.875991583 4.599650169
1512232581.959230661 4.591852174
1512232582.049216032 4.587760753
1512232582.134013653 4.583757105
1512232582.214959145 4.585536639
1512232582.309275627 4.587477599
1512232582.394614458 4.588946068
1512232582.514961720 4.591256660
1512232582.586313725 4.593104854
1512232582.664636850 4.594559038
1512232582.726742268 4.595433589
1512232582.813810825 4.596259869
1512232582.906872034 4.597299914
1512232582.997198820 4.596971940
1512232583.088265181 4.595072843
1512232583.161504745 4.591542135
1512232583.237622499 4.585621652
1512232583.304890633 4.580519788
1512232583.388803244 4.576969193
1512232583.451544523 4.570366450
1512232583.527616024 4.565704560
1512232583.600136042 4.557679978
1512232583.664191723 4.552705554
1512232583.734824419 4.547765533
1512232583.808206320 4.542812109
1512232583.910950184 4.538384876
1512232583.993279457 4.532085679
1512232584.100555658 4.529572181
1512232584.179805517 4.524519910
1512232584.289186716 4.520086466
1512232584.367813587 4.513693618
1512232584.448040247 4.508863124
1512232584.503926039 4.500875278
1512232584.574120760 4.497068486
1512232584.650048733 4.492883481
1512232584.709688663 4.488465569
1512232584.788454294 4.490263695
1512232584.857496738 4.511122557
1512232584.958537579 4.546443118
1512232585.043435574 4.578231142
1512232585.135601997 4.610092452
1512232585.224066019 4.641620193
1512232585.305792332 4.672697859
1512232585.397613764 4.716233116
1512232585.479320765 4.757760903
1512232585.580453873 4.769763556
1512232585.674242735 4.754451278
1512232585.736508608 4.712628142
1512232585.819826365 4.685429046
1512232585.898272753 4.644732486
1512232585.977478981 4.605393836
1512232586.062689066 4.569600365
1512232586.142537355 4.544607803
1512232586.212926865 4.534285072
1512232586.305936337 4.539074660
1512232586.382448673 4.574989267
1512232586.483664751 4.604117879
1512232586.558774233 4.646151200
1512232586.642440557 4.672994646
1512232586.716195345 4.708670178
1512232586.792515755 4.731538504
1512232586.862582445 4.773203356
1512232586.963770628 4.804411959
1512232587.033936262 4.841047126
1512232587.117753267 4.861207564
1512232587.178701639 4.881493910
1512232587.261994600 4.917374338
1512232587.333489180 4.939874655
1512232587.402525425 4.995897804
1512232587.478853703 5.018446427
1512232587.585890770 5.051509407
1512232587.660323620 5.062372709
1512232587.737954855 5.073655339
1512232587.798312664 5.097116504
1512232587.892500877 5.121424801
1512232587.967343569 5.160100457
1512232588.039837599 5.186682692
1512232588.120959759 5.223107532
1512232588.185231209 5.234504091
1512232588.276343107 5.264783242
1512232588.357228041 5.281175160
1512232588.443861961 5.286619760
1512232588.549860477 5.291694091
1512232588.636825562 5.298913733
1512232588.699718952 5.325306803
1512232588.768955708 5.346182588
1512232588.856362581 5.388515427
1512232588.949374199 5.431373261
1512232589.059294701 5.472414669
1512232589.137110233 5.524595900
1512232589.202093840 5.551280534
1512232589.270022631 5.589726286
1512232589.356181145 5.595478920
1512232589.430279970 5.596004598
1512232589.522850037 5.596278456
1512232589.588501692 5.595912137
1512232589.653794527 5.595707183
1512232589.728724241 5.596302425
1512232589.801851511 5.595433299
1512232589.892205477 5.594671050
1512232589.962249994 5.593188694
1512232590.054147005 5.591972574
1512232590.113877535 5.591368529
1512232590.202661991 5.589929881
1512232590.302576303 5.588869575
1512232590.397597313 5.587638502
1512232590.501731157 5.586392213
1512232590.601025581 5.585719348
1512232590.718394995 5.587302888
1512232590.806756258 5.587934333
1512232590.877798319 5.588399017
1512232590.958263874 5.590653969
1512232591.016478777 5.593409768
1512232591.099399090 5.597219505
1512232591.167487144 5.602690855
1512232591.253036976 5.608168318
1512232591.325372458 5.612538795
1512232591.412071943 5.616954390
1512232591.485071659 5.621243760
1512232591.577390671 5.627035349
1512232591.652977228 5.630914572
1512232591.723619938 5.634748995
1512232591.799352169 5.639952818
1512232591.869640827 5.644356393
1512232591.933430195 5.650434968
1512232592.014055729 5.654112387
1512232592.095552683 5.656902003
1512232592.193619251 5.660275897
1512232592.275026798 5.662756682
1512232592.349335670 5.664080531
1512232592.443832397 5.664678195
1512232592.518489361 5.666227146
1512232592.650254965 5.667479227
1512232592.748839617 5.668409022
1512232592.831123114 5.669337003
1512232592.925234079 5.669660128
1512232592.996233463 5.669695471
1512232593.074652910 5.668878664
1512232593.136673689 5.667516521
1512232593.230071545 5.665697023
1512232593.310171843 5.661867439
1512232593.389239788 5.659126616
1512232593.485573292 5.654848674
1512232593.576171637 5.651774512
1512232593.703721523 5.649142173
1512232593.801684856 5.645430974
1512232593.881004333 5.643365130
1512232593.976193905 5.641639149
1512232594.063640594 5.640672252
1512232594.145478725 5.637832554
1512232594.215722084 5.638487504
1512232594.308140993 5.639226642
1512232594.368397236 5.639579144
1512232594.450614691 5.639296657
1512232594.546384335 5.638806910
1512232594.611408949 5.639772098
1512232594.710268497 5.640614347
1512232594.790254831 5.644080314
1512232594.892937422 5.665873129
1512232594.979804754 5.718630744
1512232595.068644047 5.752065025
1512232595.151066542 5.798930299
1512232595.245655060 5.830835093
1512232595.305263042 5.878382063
1512232595.404842854 5.923940238
1512232595.494011879 5.939516974
1512232595.561625957 5.939595682
1512232595.640292883 5.941350117
1512232595.738172770 5.943098874
1512232595.822104454 5.945137416
1512232595.915222645 5.946276802
1512232595.998935461 5.947347363
1512232596.075892210 5.947231017
1512232596.161708117 5.948298533
1512232596.240278721 5.949601081
1512232596.316902399 5.953071954
1512232596.389867544 5.954829907
1512232596.472151518 5.957845664
1512232596.536807775 5.958708322
1512232596.614576101 5.961072814
1512232596.702338934 5.964425096
1512232596.797034025 5.967326113
1512232596.866967440 5.968128199
1512232596.945474148 5.970245277
1512232597.008754492 5.971958812
1512232597.101214170 5.972730781
1512232597.163310766 5.972571199
1512232597.240835190 5.973900374
1512232597.308623552 5.980191468
1512232597.367770672 6.006780386
1512232597.444227934 6.060824916
1512232597.537548065 6.078941733
1512232597.614900589 6.130561546
1512232597.703196526 6.165631514
1512232597.775162458 6.201528536
1512232597.868515968 6.236024158
1512232597.943034172 6.288253942
1512232598.033708811 6.323497921
1512232598.105168819 6.374252481
1512232598.187739372 6.409613653
1512232598.284073591 6.462833209
1512232598.363371611 6.495143886
1512232598.443597317 6.544560054
1512232598.549149036 6.574647383
1512232598.648492575 6.602390351
1512232598.716549397 6.638704484
1512232598.799116373 6.661948701
1512232598.887979746 6.697041007
1512232598.962767601 6.734947337
1512232599.040523767 6.774631317
1512232599.111880302 6.799196802
1512232599.175560713 6.831126171
1512232599.245186567 6.849227808
1512232599.304023266 6.866437055
1512232599.366502523 6.894267518
1512232599.460838318 6.914758179
1512232599.540957451 6.936891224
1512232599.608996868 6.961994444
1512232599.684877157 6.987443629
1512232599.761206865 7.011592751
1512232599.863598824 7.033159412
1512232599.944621086 7.063056604
1512232600.016829014 7.080756286
1512232600.098679066 7.099339420
1512232600.157740355 7.118542087
1512232600.241170168 7.150994433
1512232600.318886995 7.185010087
1512232600.415145874 7.207712657
1512232600.474474192 7.239438914
1512232600.565025568 7.249960155
1512232600.630622864 7.282769711
1512232600.715434790 7.304910104
1512232600.783701181 7.337820120
1512232600.862857342 7.359226556
1512232600.960126400 7.377640243
1512232601.055319071 7.394415357
1512232601.137445688 7.419358034
1512232601.235841751 7.436633242
1512232601.312546492 7.454959700
1512232601.397705078 7.484990018
1512232601.466089725 7.515317980
1512232601.545531273 7.521004933
1512232601.643022060 7.521826185
1512232601.721681356 7.521491926
1512232601.795026779 7.520313130
1512232601.887677670 7.518068436
1512232601.962207079 7.516187254
1512232602.045221090 7.513138824
1512232602.111841917 7.512480580
1512232602.191563368 7.527464640
1512232602.292672396 7.568405446
1512232602.379816294 7.595111299
1512232602.446516752 7.637956652
1512232602.521579981 7.666577731
1512232602.595031261 7.694048130
1512232602.663359880 7.724207232
1512232602.763320923 7.724534887
1512232602.857215166 7.725013978
1512232602.956344843 7.725324286
1512232603.034103870 7.725673248
1512232603.103534937 7.725601819
1512232603.189424276 7.725686812
1512232603.285314083 7.726054066
1512232603.347494602 7.727766973
1512232603.441454172 7.732483194
1512232603.523261309 7.735778008
1512232603.602897167 7.739171311
1512232603.695327520 7.744511407
1512232603.787132025 7.747421340
1512232603.854673624 7.768376374
1512232603.945772648 7.801373735
1512232604.024419785 7.855256778
1512232604.115912914 7.889750672
1512232604.199590206 7.940828121
1512232604.273268938 7.987827265
1512232604.356675625 8.017312644
1512232604.440783978 8.044008999
1512232604.511352062 8.053175143
1512232604.609569550 8.055681988
1512232604.685978889 8.056448971
1512232604.742259741 8.057762593
1512232604.814706326 8.058500341
1512232604.905648470 8.059526471
1512232604.978320360 8.059042456
1512232605.065856695 8.058612693
1512232605.125899076 8.058354628
1512232605.215606451 8.058284371
1512232605.305073738 8.057956950
1512232605.388235092 8.056755277
1512232605.472558022 8.053554885
1512232605.547436476 8.052515735
1512232605.662210226 8.049701603
1512232605.755956173 8.046418586
1512232605.837591171 8.043676855
1512232605.909838915 8.039338325
1512232605.986037254 8.036775643
1512232606.065441608 8.034078177
1512232606.156624794 8.032058815
1512232606.279971123 8.030916739
1512232606.381544828 8.031151113
1512232606.469565153 8.031989914
1512232606.544977427 8.034121527
1512232606.622093201 8.036199848
1512232606.709229946 8.040650576
1512232606.776500702 8.043793581
1512232606.857966661 8.046455263
1512232606.932357788 8.048982413
1512232607.023523808 8.050521080
1512232607.104242563 8.051024634
1512232607.176866770 8.051159161
1512232607.270209789 8.052503577
1512232607.351073742 8.053680951
1512232607.447405338 8.055087527
1512232607.532915831 8.056328384
1512232607.610792160 8.057678587
1512232607.691265345 8.057930426
1512232607.808297157 8.058747098
1512232607.890782118 8.056954764
1512232607.969077587 8.056868763
1512232608.041445494 8.058406411
1512232608.112201214 8.060233517
1512232608.189821243 8.060649580
1512232608.265516043 8.061342395
1512232608.369027376 8.059257055
1512232608.449248075 8.059286559
1512232608.520786524 8.059107261
1512232608.586389780 8.061398939
1512232608.664168358 8.098759358
1512232608.731032848 8.155030248
1512232608.801744699 8.191381162
1512232608.864333630 8.227019929
1512232608.937622547 8.260583221
1512232609.010287523 8.310274769
1512232609.084751129 8.377385879
1512232609.181632996 8.390471595
1512232609.272101402 8.397931250
1512232609.339192629 8.400426438
1512232609.424415350 8.402274949
1512232609.494589090 8.403149408
1512232609.593338728 8.406567421
1512232609.670537710 8.408744043
1512232609.745759010 8.409112443
1512232609.836400747 8.410041931
1512232609.911642075 8.411018944
1512232609.986289263 8.411464113
1512232610.076123953 8.411707671
1512232610.144130945 8.412248776
1512232610.220330954 8.413747532
1512232610.312167168 8.415314462
1512232610.385121346 8.417086203
1512232610.456268787 8.419062358
1512232610.535504103 8.421369332
1512232610.624492884 8.423074284
1512232610.711380720 8.426913513
1512232610.784828186 8.428641565
1512232610.868688583 8.431339285
1512232610.975754738 8.433426398
1512232611.071738005 8.435493495
1512232611.152543783 8.437753573
1512232611.230861902 8.438263443
1512232611.313166857 8.439067598
1512232611.400263548 8.440797348
1512232611.493534327 8.442589257
1512232611.570708036 8.444505152
1512232611.647403479 8.445670498
1512232611.743031502 8.446807499
1512232611.818060160 8.447465231
1512232611.896946430 8.448063448
1512232611.983590841 8.448775600
1512232612.083319426 8.449535778
1512232612.165522099 8.449617861
1512232612.260761499 8.449773871
1512232612.334693193 8.448601268
1512232612.413667917 8.443424518
1512232612.502623081 8.441235264
1512232612.593230724 8.436614910
1512232612.697362423 8.434170857
1512232612.800721169 8.427756552
1512232612.885329723 8.423125991
1512232612.955010176 8.417183100
1512232613.018748045 8.413323082
1512232613.093269348 8.407712161
1512232613.160116673 8.402168312
1512232613.234301805 8.401783496
1512232613.320429087 8.402629967
1512232613.386882305 8.400953882
1512232613.462299585 8.399036059
1512232613.544858694 8.401242080
1512232613.645176649 8.398725674
1512232613.726404428 8.399045037
1512232613.804650545 8.398443814
1512232613.870714188 8.397403563
1512232613.951928616 8.396332784
1512232614.050980330 8.394598519
1512232614.143204212 8.393351638
1512232614.221749783 8.392887869
1512232614.308579922 8.393241576
1512232614.371627808 8.393329937
1512232614.451656818 8.394554602
1512232614.541931391 8.396187672
1512232614.607559443 8.396782676
1512232614.683152676 8.398380746
1512232614.780722380 8.399674791
1512232614.839155436 8.400245790
1512232614.903772831 8.401568912
1512232614.972044468 8.402380897
1512232615.039922476 8.404859667
1512232615.102907658 8.408264913
1512232615.175103903 8.406889467
1512232615.234147787 8.386400060
1512232615.305940628 8.360616596
1512232615.392446518 8.337445522
1512232615.474825859 8.313325844
1512232615.539088488 8.289558120
1512232615.594634533 8.266429993
1512232615.660897255 8.242471531
1512232615.739072084 8.218729684
1512232615.809683800 8.182843734
1512232615.874517918 8.157841287
1512232615.950487375 8.145316125
1512232616.018591881 8.120353045
1512232616.086780310 8.082326742
1512232616.178740025 8.056492381
1512232616.249635458 8.031221481
1512232616.344042540 8.005420460
1512232616.430666924 7.979681135
1512232616.543119192 7.955285049
1512232616.625487328 7.920976434
1512232616.722341776 7.897908693
1512232616.812939167 7.863112196
1512232616.905797720 7.840439219
1512232616.997115612 7.794721255
1512232617.091802597 7.771102879
1512232617.192811728 7.742753092
1512232617.297610044 7.747300054
1512232617.373768568 7.785523734
1512232617.460281372 7.815824504
1512232617.558032990 7.864218968
1512232617.650453091 7.911236099
1512232617.720317364 7.974075359
1512232617.864899158 8.006323412
1512232617.962300539 8.054993015
1512232618.058113098 8.086760019
1512232618.158884525 8.134031457
1512232618.243408203 8.164254937
1512232618.317829370 8.236604757
1512232618.409210682 8.261428541
1512232618.487542391 8.299649362
1512232618.565325737 8.349757395
1512232618.651279449 8.375013548
1512232618.726515055 8.383382375
1512232618.813202381 8.369442329
1512232618.886092424 8.346607257
1512232618.955954552 8.310528682
1512232619.035987854 8.285650353
1512232619.113167763 8.260899930
1512232619.177438259 8.224772807
1512232619.266711712 8.201928168
1512232619.366118431 8.178341030
1512232619.433357954 8.142125884
1512232619.512349367 8.118671199
1512232619.569218636 8.096875473
1512232619.658890486 8.066018357
1512232619.752140999 8.036047256
1512232619.824686766 8.013755699
1512232619.913725376 7.991842098
1512232619.974699497 7.970610508
1512232620.065866947 7.965799575
1512232620.131297112 7.985831478
1512232620.228183031 8.011628112
1512232620.309499979 8.057258627
1512232620.380719662 8.087412267
1512232620.463421345 8.132118998
1512232620.529751778 8.146580639
1512232620.628396034 8.190188878
1512232620.722439051 8.232594724
1512232620.826651096 8.261600853
1512232620.935149670 8.287793422
1512232621.017209530 8.312931059
1512232621.098854303 8.311883611
1512232621.192523003 8.282380812
1512232621.264307737 8.248191783
1512232621.344716549 8.205506455
1512232621.418077469 8.184618269
1512232621.502158403 8.151166325
1512232621.578810692 8.129874386
1512232621.672829390 8.108415877
1512232621.736933231 8.078386390
1512232621.833625555 8.060636607
1512232621.930019855 8.033286372
1512232622.011699915 8.013690476
1512232622.102323055 7.981414555
1512232622.186561584 7.968407562
1512232622.281935453 7.962559270
1512232622.385093927 7.959283171
1512232622.464907646 7.955420544
1512232622.529591322 7.952636433
1512232622.624190807 7.950790792
1512232622.693294764 7.948667585
1512232622.777248621 8.100502553
1512232622.884292126 8.146574205
1512232622.962322474 8.160691451
1512232623.032200098 8.206150518
1512232623.123235703 8.236167031
1512232623.199129820 8.278479047
1512232623.280312061 8.318288381
1512232623.346210003 8.391179148
1512232623.452920437 8.402930642
1512232623.535374403 8.414614016
1512232623.628780842 8.426371397
1512232623.699331760 8.452978439
1512232623.781296492 8.455615716
1512232623.853412867 8.437692491
1512232623.916930676 8.407660227
1512232623.993791103 8.387813993
1512232624.090954304 8.373275640
1512232624.177971125 8.370705138
1512232624.242099762 8.367207050
1512232624.313566446 8.363456089
1512232624.405337334 8.360613012
1512232624.498444557 8.356421001
1512232624.578305721 8.352216076
1512232624.675054073 8.348676995
1512232624.755004168 8.345834912
1512232624.856844902 8.342047805
1512232624.936781883 8.337811530
1512232625.015224934 8.334787591
1512232625.124635696 8.327739502
1512232625.203816414 8.322390936
1512232625.291966677 8.338466844
1512232625.363083124 8.382199319
1512232625.426829100 8.412246311
1512232625.506913662 8.458443766
1512232625.582479477 8.506378898
1512232625.652041674 8.537633544
1512232625.745798349 8.568314467
1512232625.837454081 8.606872999
1512232625.914065838 8.631602833
1512232625.997397900 8.656303809
1512232626.086763620 8.682068359
1512232626.164453268 8.722552218
1512232626.245597601 8.762360790
1512232626.344823837 8.786771850
1512232626.439572334 8.820012859
1512232626.540290356 8.841330947
1512232626.635454178 8.875970674
1512232626.702235699 8.900520533
1512232626.799145460 8.938653695
1512232626.875668049 8.977076775
1512232626.960134983 9.013576483
1512232627.046861887 9.048243946
1512232627.137992620 9.071508700
1512232627.209367275 9.106546928
1512232627.291082144 9.130276290
1512232627.363438129 9.153283681
1512232627.447969437 9.187122025
1512232627.524176359 9.221189239
1512232627.596531391 9.244710575
1512232627.674923897 9.268868082
1512232627.747456074 9.292850012
1512232627.849945068 9.325800579
1512232627.969569683 9.345644778
1512232628.050418377 9.372991776
1512232628.120834827 9.391704745
1512232628.196062088 9.411657405
1512232628.281203985 9.445723269
1512232628.346709013 9.495274147
1512232628.408132315 9.519068025
1512232628.492202044 9.541925750
1512232628.573339224 9.564327253
1512232628.666892290 9.598106248
1512232628.754395485 9.620777372
1512232628.827030182 9.645637327
1512232628.900414944 9.671557575
1512232628.962264776 9.711701722
1512232629.039159060 9.748324429
1512232629.108483315 9.769795571
1512232629.186341763 9.789704294
1512232629.248394966 9.820439355
1512232629.312294245 9.830339629
1512232629.392313480 9.861883348
1512232629.458081007 9.883350666
1512232629.536020517 9.904311277
1512232629.597283602 9.925067009
1512232629.690894365 9.946370655
1512232629.749794960 9.967215765
1512232629.816958427 9.990172695
1512232629.892779112 10.027069423
1512232629.972559452 10.052107653
1512232630.070482969 10.076669305
1512232630.148083210 10.098804038
1512232630.221188545 10.118964965
1512232630.295886993 10.138384141
1512232630.368628740 10.168495928
1512232630.435303926 10.203864120
1512232630.516557217 10.230943256
1512232630.583707809 10.259127070
1512232630.650140047 10.287938722
1512232630.720746994 10.325930769
1512232630.798375368 10.346514371
1512232630.881821632 10.365240221
1512232630.969008923 10.383120467
1512232631.046994686 10.401777655
1512232631.128782272 10.422013127
1512232631.216991901 10.454890266
1512232631.291526556 10.478039999
1512232631.377505541 10.512816359
1512232631.457939148 10.531093914
1512232631.527501583 10.548166192
1512232631.611351490 10.572315738
1512232631.675840616 10.589414711
1512232631.755350351 10.616209889
1512232631.834681988 10.635598045
1512232631.936330557 10.664691727
1512232632.007205725 10.685044708
1512232632.075100899 10.705529017
1512232632.163866997 10.740098015
1512232632.239606142 10.764684956
1512232632.322577715 10.801517120
1512232632.406096220 10.825753289
1512232632.499979019 10.846662840
1512232632.574942589 10.874903869
1512232632.668745995 10.892260142
1512232632.762522459 10.909353163
1512232632.838151455 10.937928709
1512232632.906217337 10.971764630
1512232632.995793343 10.996163530
1512232633.099317789 11.034084892
1512232633.184463263 11.058566413
1512232633.282179117 11.090753433
1512232633.352274179 11.110685545
1512232633.460175276 11.141024330
1512232633.530869246 11.174278408
1512232633.607821226 11.198332565
1512232633.673181534 11.212792713
1512232633.750626564 11.211872714
1512232633.817493200 11.212828773
1512232633.889502287 11.212882502
1512232633.959591866 11.212562112
1512232634.039586782 11.212940733
1512232634.104272604 11.213171504
1512232634.194570780 11.213145429
1512232634.273375034 11.213162071
1512232634.352800369 11.214394166
1512232634.433424711 11.214142173
1512232634.502797127 11.214840316
1512232634.573196411 11.215394323
1512232634.665402174 11.215478183
1512232634.757167339 11.215159176
1512232634.847708464 11.213100258
1512232634.924975157 11.211726400
1512232635.002796173 11.208858255
1512232635.083088875 11.204163434
1512232635.157467365 11.201189241
1512232635.248838425 11.197067860
1512232635.331378937 11.194931896
1512232635.420983791 11.191784849
1512232635.498511076 11.189908634
1512232635.575817347 11.188108118
1512232635.631850481 11.185187884
1512232635.733206987 11.183711294
1512232635.817780733 11.183524477
1512232635.912201643 11.184028960
1512232635.989293098 11.184604459
1512232636.082010031 11.185251918
1512232636.171768188 11.185924948
1512232636.234219790 11.186289031
1512232636.318101406 11.186869050
1512232636.420460463 11.188255103
1512232636.497006893 11.190044088
1512232636.602216005 11.192350838
1512232636.676031113 11.193536570
1512232636.766682148 11.194939881
1512232636.847613335 11.197454917
1512232636.938144684 11.199799177
1512232637.021498203 11.201712037
1512232637.096509218 11.203746056
1512232637.166685581 11.205894644
1512232637.244057655 11.207409143
1512232637.321598768 11.208284008
1512232637.389790535 11.207753997
1512232637.463747978 11.207215443
1512232637.555001736 11.206794837
1512232637.653217077 11.206773120
1512232637.760637999 11.206234384
1512232637.858413458 11.205763883
1512232637.941490650 11.203174619
1512232638.074063063 11.202523537
1512232638.159270763 11.201151481
1512232638.240453005 11.197950325
1512232638.322161674 11.196093460
1512232638.407671452 11.191365225
1512232638.478384495 11.184335796
1512232638.543970823 11.181209146
1512232638.621291161 11.177757938
1512232638.719297171 11.176215444
1512232638.796467304 11.174628347
1512232638.864635468 11.173826676
1512232638.949098587 11.173450015
1512232639.008995771 11.173186491
1512232639.089996815 11.170926057
1512232639.187713385 11.167581494
1512232639.274363041 11.166381605
1512232639.372752666 11.165541560
1512232639.447903395 11.164010216
1512232639.538408518 11.161895190
1512232639.621405125 11.158513632
1512232639.721925735 11.155025188
1512232639.802112341 11.150938781
1512232639.889707804 11.148976754
1512232639.974095583 11.147105026
1512232640.068346024 11.146672705
1512232640.131545544 11.149188733
1512232640.215633154 11.152508561
1512232640.294267178 11.154782679
1512232640.370469332 11.156231626
1512232640.466275930 11.140785984
1512232640.528978348 11.110924130
1512232640.605427027 11.081133696
1512232640.696487904 11.052939354
1512232640.770563126 11.010113728
1512232640.850900412 10.966824000
1512232640.928054094 10.952367965
1512232641.019595385 10.910957266
1512232641.086170435 10.871066664
1512232641.189423323 10.851141335
1512232641.276792049 10.850226070
1512232641.369555235 10.846053141
1512232641.466324806 10.843923803
1512232641.540715218 10.840189590
1512232641.618425369 10.835522327
1512232641.692916155 10.830647177
1512232641.790173292 10.825415131
1512232641.861476660 10.820132606
1512232641.941835403 10.816777660
1512232642.036670685 10.812605980
1512232642.111007452 10.808551675
1512232642.206341982 10.801810633
1512232642.284244537 10.798787000
1512232642.392152309 10.793320400
1512232642.466505051 10.788268447
1512232642.534309149 10.784821823
1512232642.615013599 10.778940010
1512232642.676024437 10.773810962
1512232642.739599705 10.767817617
1512232642.812320471 10.759637531
1512232642.883997679 10.754788156
1512232642.961569309 10.749862800
1512232643.037310362 10.745265841
1512232643.124937534 10.741358806
1512232643.200281620 10.736548871
1512232643.278845072 10.731563793
1512232643.379675865 10.725797474
1512232643.447024584 10.717993732
1512232643.524202108 10.709868381
1512232643.615908623 10.705452168
1512232643.691643238 10.700654825
1512232643.788907290 10.694688946
1512232643.876372099 10.690720310
1512232643.971573830 10.687424375
1512232644.049652338 10.682862093
1512232644.134238482 10.680224846
1512232644.238047838 10.676456776
1512232644.333582640 10.691766701
1512232644.432037592 10.745107998
1512232644.509036303 10.782437861
1512232644.582653284 10.837426529
1512232644.643564224 10.890170215
1512232644.726118803 10.942506858
1512232644.801667452 10.995281034
1512232644.869339943 11.031083793
1512232644.946648121 11.067086605
1512232645.003526449 11.101581084
1512232645.067163229 11.135953463
1512232645.140768051 11.170350077
1512232645.206965446 11.167935956
1512232645.281413555 11.146681489
1512232645.350849390 11.116189952
1512232645.425235748 11.086892487
1512232645.496568680 11.059403897
1512232645.589920759 11.032103827
1512232645.686321259 11.006187569
1512232645.760595083 10.979826066
1512232645.855381489 10.955237322
1512232645.922928810 10.896257756
1512232646.014641285 10.862378148
1512232646.092206955 10.839652786
1512232646.172706842 10.810197234
1512232646.246284246 10.802529309
1512232646.329081774 10.800403699
1512232646.396026134 10.808348016
1512232646.457356930 10.830539997
1512232646.536598206 10.873507043
1512232646.602922678 10.901610134
1512232646.675681353 10.928355541
1512232646.758117437 10.970750868
1512232646.845929146 10.984847766
1512232646.956809521 11.013218583
1512232647.044095278 11.012357935
1512232647.124183416 11.014896800
1512232647.213221073 11.015887384
1512232647.309216261 11.018561218
1512232647.383848667 11.020991399
1512232647.453059673 11.022613410
1512232647.530775785 11.023240760
1512232647.597161770 11.021904914
1512232647.682528019 11.019046566
1512232647.765683413 11.017219028
1512232647.856203556 11.015286732
1512232647.928198338 11.010956153
1512232648.006620169 11.008209114
1512232648.077584505 11.015880185
1512232648.198458672 11.012722468
1512232648.279223919 11.011783999
1512232648.362951756 11.010301764
1512232648.463153362 11.004357505
1512232648.545050144 11.017330135
1512232648.645473480 11.071672539
1512232648.725359917 11.101936506
1512232648.827645779 11.146294964
1512232648.931573153 11.191070848
1512232649.009760857 11.221141122
1512232649.119331360 11.263751024
1512232649.217276573 11.279256383
1512232649.306873798 11.283466042
1512232649.376515627 11.287676644
1512232649.454485178 11.290111676
1512232649.517557859 11.293013686
1512232649.631357193 11.295604738
1512232649.709752321 11.298136500
1512232649.780348539 11.299960867
1512232649.840645790 11.301668142
1512232649.922049999 11.303400092
1512232649.985360861 11.308158411
1512232650.050824404 11.311346177
1512232650.124127150 11.314732787
1512232650.187799692 11.318297768
1512232650.255557537 11.323976797
1512232650.330891848 11.328017106
1512232650.448225975 11.341264139
1512232650.521087170 11.373557227
1512232650.578089714 11.410698060
1512232650.649936914 11.445015739
1512232650.737712383 11.493768807
1512232650.803725243 11.544315548
1512232650.884433270 11.578622436
1512232650.954160929 11.613096776
1512232651.040369987 11.648039458
1512232651.122638464 11.700398152
1512232651.218587399 11.734865557
1512232651.302935600 11.767725416
1512232651.391308546 11.797220086
1512232651.479414701 11.839364949
1512232651.574539185 11.868168791
1512232651.654245615 11.912977879
1512232651.732899189 11.955361254
1512232651.831326723 11.963949529
1512232651.913568974 11.963211162
1512232651.983804703 11.961804877
1512232652.066099882 11.961311609
1512232652.137698174 11.961677163
1512232652.208907604 11.962259206
1512232652.288349867 11.962531437
1512232652.359278679 11.963018488
1512232652.436339140 11.962410733
1512232652.500933409 11.963595020
1512232652.580615044 11.964737357
1512232652.665374041 11.965396136
1512232652.766707182 11.965789783
1512232652.855124235 11.987676343
1512232652.922225714 12.021025822
1512232653.021016836 12.053588356
1512232653.102983713 12.106391435
1512232653.223450899 12.154938591
1512232653.302665710 12.183544431
1512232653.374502420 12.197856478
1512232653.444755077 12.201971556
1512232653.514249325 12.205906386
1512232653.602768183 12.209852491
1512232653.676784754 12.214052916
1512232653.773266077 12.216859712
1512232653.851206541 12.219354880
1512232653.945254564 12.221310736
1512232654.021832943 12.223523078
1512232654.129222870 12.224954191
1512232654.196760178 12.227343501
1512232654.275974035 12.229480525
1512232654.357951641 12.231281109
1512232654.436691761 12.232941279
1512232654.527208328 12.231447621
1512232654.594325781 12.231560475
1512232654.682836056 12.230858325
1512232654.784881353 12.231118527
1512232654.866386890 12.230042394
1512232654.962758780 12.223797492
1512232655.042908907 12.219200622
1512232655.136529207 12.214179146
1512232655.221868277 12.206604825
1512232655.298480511 12.200306748
1512232655.381811142 12.193689404
1512232655.454428434 12.190500374
1512232655.529192209 12.186088449
1512232655.596271515 12.182756058
1512232655.673615694 12.178180569
1512232655.733287573 12.177101502
1512232655.812243938 12.176657893
1512232655.915976524 12.177788675
1512232655.977353573 12.178006716
1512232656.055484295 12.181010198
1512232656.129740238 12.184668684
1512232656.206474543 12.185690187
1512232656.272562742 12.187041327
1512232656.365999222 12.188378274
1512232656.442142487 12.189430439
1512232656.502743244 12.188629362
1512232656.575932503 12.185628312
1512232656.647103548 12.184808142
1512232656.720898867 12.181287218
1512232656.810993910 12.180127196
1512232656.893101215 12.179704671
1512232656.974228382 12.179044383
1512232657.045139551 12.178910462
1512232657.140174627 12.178180022
1512232657.226558208 12.177693815
1512232657.328257561 12.176507406
1512232657.409238577 12.173871405
1512232657.487791538 12.172586919
1512232657.580187798 12.170308349
1512232657.675712824 12.168522614
1512232657.764218569 12.167151731
1512232657.879540920 12.166470763
1512232657.974563122 12.166558943
1512232658.052395582 12.168053150
1512232658.149226665 12.169937115
1512232658.233300924 12.171524453
1512232658.314041138 12.174370837
1512232658.379299402 12.176928786
1512232658.446202993 12.178737504
1512232658.535061121 12.181440885
1512232658.627204657 12.184144514
1512232658.706080198 12.186306083
1512232658.779320240 12.188028212
1512232658.843259573 12.187339782
1512232658.919264317 12.188458968
1512232659.014063835 12.188647363
1512232659.083047390 12.189600306
1512232659.159575462 12.191132976
1512232659.217245340 12.191707889
1512232659.315109730 12.192783453
1512232659.417984724 12.194869756
1512232659.507211208 12.196910726
1512232659.607453585 12.198034021
1512232659.688864231 12.199806866
1512232659.816741228 12.214618240
1512232659.895828247 12.264659600
1512232659.975335121 12.321922421
1512232660.059560061 12.375388824
1512232660.153807878 12.410841054
1512232660.231732607 12.480376148
1512232660.328363895 12.514874706
1512232660.397659540 12.561423017
1512232660.480466604 12.591859400
1512232660.550787687 12.638041409
1512232660.629080057 12.685511214
1512232660.689461708 12.729977628
1512232660.781401396 12.757945512
1512232660.846211910 12.786141368
1512232660.925400496 12.815373709
1512232660.995260000 12.861471158
1512232661.063097715 12.875970418
1512232661.144675016 12.916895762
1512232661.258807659 12.941371433
1512232661.323827267 12.965905922
1512232661.402792931 12.991058906
1512232661.482480526 13.028230094
1512232661.543571472 13.053935490
1512232661.643563986 13.092779409
1512232661.728566885 13.117730362
1512232661.799265385 13.156719810
1512232661.875151634 13.182818400
1512232661.934443712 13.208824993
1512232662.009952784 13.248119299
1512232662.091859102 13.281269312
1512232662.157398224 13.301756819
1512232662.217929840 13.320516836
1512232662.323864460 13.339821296
1512232662.403898954 13.360245691
1512232662.478943110 13.381999762
1512232662.581183434 13.406058299
1512232662.662098408 13.430670625
1512232662.739121914 13.462932204
1512232662.823451042 13.487834910
1512232662.910595655 13.502635286
1512232662.994913816 13.523210289
1512232663.076445341 13.547091863
1512232663.151117563 13.563772293
1512232663.307203531 13.583740046
1512232663.436774015 13.616388405
1512232663.524083138 13.638451071
1512232663.602140665 13.668908507
1512232663.770244598 13.687012463
1512232663.846464396 13.724033908
1512232663.908210278 13.753702207
1512232664.006610632 13.770014519
1512232664.074650526 13.796533675
1512232664.178041220 13.840217645
1512232664.268771887 13.856215223
1512232664.364840269 13.872407641
1512232664.447173357 13.897638325
1512232664.517969370 13.914805801
1512232664.597950697 13.940393365
1512232664.676141739 13.966797199
1512232664.745737791 13.994566388
1512232664.834433556 14.012388544
1512232664.917122841 14.030203170
1512232664.995406628 14.056877980
1512232665.064779282 14.075940849
1512232665.145165920 14.096856688
1512232665.233282566 14.131950132
1512232665.297226429 14.155624860
1512232665.364055634 14.200379001
1512232665.419621229 14.209479588
1512232665.486510277 14.226585272
1512232665.573822260 14.251174416
1512232665.641848803 14.268681374
1512232665.734172344 14.287908016
1512232665.797267675 14.297814289
1512232665.864085913 14.319003666
1512232665.939819813 14.352543813
1512232666.017164469 14.375656781
1512232666.089712381 14.413035622
1512232666.165958643 14.435396501
1512232666.236443043 14.452888082
1512232666.322280169 14.456589181
1512232666.419710159 14.457964967
1512232666.508426666 14.459500581
1512232666.593546629 14.463884107
1512232666.671348095 14.467121241
1512232666.749279022 14.470351251
1512232666.865144253 14.474319606
1512232666.969806433 14.477902526
1512232667.062427521 14.479738030
1512232667.140680552 14.482435760
1512232667.222492456 14.484331426
1512232667.295144081 14.486475598
1512232667.376744270 14.486117936
1512232667.447118521 14.485782785
1512232667.516246796 14.486114749
1512232667.584498644 14.484596140
1512232667.654156923 14.483488943
1512232667.732214689 14.482638536
1512232667.835132122 14.481751950
1512232667.911546469 14.480247950
1512232668.005862236 14.479092287
1512232668.075892448 14.478106787
1512232668.155699015 14.476654890
1512232668.244907618 14.473903340
1512232668.320945978 14.470865865
1512232668.386698246 14.465261468
1512232668.461226940 14.461143342
1512232668.535146475 14.457713457
1512232668.598968744 14.452714250
1512232668.676065207 14.450046696
1512232668.754821062 14.447611692
1512232668.839478493 14.445503623
1512232668.925342083 14.442075810
1512232669.008518696 14.440533848
1512232669.112199783 14.439010068
1512232669.191966057 14.439568070
1512232669.265225649 14.440519977
1512232669.345699310 14.442130417
1512232669.413274288 14.442750517
1512232669.476711512 14.445970646
1512232669.566441059 14.445543674
1512232669.645107508 14.444397210
1512232669.721390009 14.443842757
1512232669.790096045 14.443372525
1512232669.868805885 14.441473470
1512232669.934961081 14.438184099
1512232670.014240742 14.436196156
1512232670.082184792 14.434321299
1512232670.147729158 14.432210937
1512232670.224666834 14.428682637
1512232670.332533836 14.425932198
1512232670.422814369 14.423076921
1512232670.489335299 14.420407444
1512232670.567889929 14.418585724
1512232670.632065535 14.416611351
1512232670.706525803 14.414623750
1512232670.774652719 14.413954864
1512232670.851130962 14.413962256
1512232670.926545620 14.414590446
1512232670.999644041 14.415215577
1512232671.084577560 14.415051418
1512232671.164644003 14.414877946
1512232671.230315447 14.415034759
1512232671.292842150 14.415176172
1512232671.377511501 14.414843954
1512232671.454722643 14.415000690
1512232671.553042412 14.415129404
1512232671.620435476 14.414950571
1512232671.691665173 14.415086014
1512232671.769168854 14.414892978
1512232671.835295439 14.414572707
1512232671.899063349 14.414779289
1512232671.995639801 14.414493794
1512232672.061924458 14.413991606
1512232672.135060787 14.412814794
1512232672.204837561 14.411741557
1512232672.272617340 14.410625862
1512232672.349274397 14.408117180
1512232672.440460920 14.406269334
1512232672.507267714 14.404214234
1512232672.583114624 14.401758412
1512232672.647850752 14.399460141
1512232672.724451303 14.396721601
1512232672.807209253 14.393465903
1512232672.878679037 14.393114249
1512232672.976261854 14.393269737
1512232673.055480003 14.394153489
1512232673.137739658 14.395028962
1512232673.218170404 14.396096194
1512232673.306649446 14.396802378
1512232673.389506578 14.398229594
1512232673.471294880 14.399055033
1512232673.549171209 14.400860846
1512232673.628157377 14.401583689
1512232673.702212572 14.402760631
1512232673.807072639 14.402616207
1512232673.884765863 14.400327025
1512232673.978216410 14.398428662
1512232674.048121452 14.395597384
1512232674.133059740 14.393892053
1512232674.231944799 14.391648725
1512232674.324728012 14.390703329
1512232674.405357361 14.389098941
1512232674.493300915 14.388505763
1512232674.601227045 14.386504005
1512232674.684267759 14.383760644
1512232674.780531645 14.381182155
1512232674.856083155 14.378287118
1512232674.964837551 14.374817059
1512232675.043367624 14.369591176
1512232675.109846354 14.365399966
1512232675.187196493 14.360871833
1512232675.279354334 14.359637688
1512232675.353026152 14.354695489
1512232675.455736160 14.351137909
1512232675.551799297 14.348699518
1512232675.640377522 14.346004174
1512232675.708185196 14.342255242
1512232675.782380104 14.339885398
1512232675.855717421 14.336601399
1512232675.937427998 14.334047586
1512232676.026298046 14.332957324
1512232676.131980896 14.333271119
1512232676.204445601 14.332773584
1512232676.263674021 14.328593039
1512232676.348351240 14.322511098
1512232676.450203896 14.320773389
1512232676.520939827 14.317691841
1512232676.638374090 14.316540463
1512232676.732511282 14.316399356
1512232676.844056129 14.316008940
1512232676.934185982 14.316198231
1512232677.012937546 14.316687865
1512232677.133110523 14.316467840
1512232677.207073450 14.316261676
1512232677.272728920 14.316416140
1512232677.344584465 14.329637963
1512232677.430006742 14.360133552
1512232677.526009083 14.432021192
1512232677.587431431 14.466044338
1512232677.659693241 14.499917810
1512232677.726325035 14.533167400
1512232677.802679300 14.583608324
1512232677.879209518 14.634290158
1512232677.949481487 14.651376050
1512232678.042526960 14.718296378
1512232678.124459267 14.746159080
1512232678.217812538 14.745292016
1512232678.333312035 14.745874360
1512232678.425348282 14.745963109
1512232678.530630350 14.744641123
1512232678.635473967 14.742349016
1512232678.727786779 14.739042300
1512232678.820054770 14.735539142
1512232678.911452770 14.732581942
1512232678.989135027 14.730044125
1512232679.066650629 14.727396222
1512232679.166140079 14.725790943
1512232679.251238346 14.724508959
1512232679.322487116 14.722303471
1512232679.387040138 14.719242288
1512232679.468583345 14.713606084
1512232679.585532904 14.709060458
1512232679.681300640 14.705639658
1512232679.766165495 14.702568998
1512232679.847230673 14.699381746
1512232679.923879623 14.695041253
1512232679.999478102 14.691451908
1512232680.071780920 14.688788856
1512232680.161579132 14.686669721
1512232680.237849712 14.685485225
1512232680.308612585 14.685295370
1512232680.373335838 14.686718937
1512232680.465073347 14.687564110
1512232680.537827969 14.688919344
1512232680.636377811 14.691330811
1512232680.714452505 14.691957206
1512232680.790289640 14.692832304
1512232680.856505394 14.694568585
1512232680.915791035 14.696625004
1512232680.981370687 14.699191016
1512232681.072988749 14.701086720
1512232681.164540291 14.700709507
1512232681.233583927 14.700841547
1512232681.325918674 14.700661133
1512232681.417508841 14.698619019
1512232681.488613129 14.695883592
1512232681.581467390 14.693457686
1512232681.653462410 14.691456101
1512232681.738322020 14.672503746
1512232681.805503607 14.643197296
1512232681.870532751 14.613852108
1512232681.955941677 14.569974322
1512232682.035305977 14.541280043
1512232682.121797085 14.497978911
1512232682.225729704 14.469646169
1512232682.332126379 14.440583119
1512232682.417657375 14.414161272
1512232682.496276855 14.373166966
1512232682.591663122 14.347500166
1512232682.674210310 14.293958875
1512232682.745824814 14.253688159
1512232682.809228420 14.227279053
1512232682.880560398 14.188049265
1512232682.946277380 14.168646831
1512232683.022569180 14.177664980
1512232683.111330271 14.204398024
1512232683.192277431 14.239568390
1512232683.287045717 14.272777277
1512232683.381613970 14.304471177
1512232683.495437860 14.335312576
1512232683.572600842 14.381446286
1512232683.671515465 14.427778743
1512232683.750293970 14.455169090
1512232683.843339205 14.461587648
1512232683.934377432 14.464055974
1512232684.012633801 14.464577265
1512232684.110182762 14.463928273
1512232684.206875086 14.463877361
1512232684.299575806 14.463955334
1512232684.366186619 14.464435071
1512232684.442536831 14.465779570
1512232684.541493177 14.467871799
1512232684.629653931 14.470096706
1512232684.727268219 14.473323328
1512232684.821628332 14.475405796
1512232684.900989771 14.477439539
1512232684.983125210 14.478876339
1512232685.087428570 14.483268683
1512232685.163617611 14.485961893
1512232685.226084709 14.490863448
1512232685.291785955 14.495859526
1512232685.356691837 14.499913692
1512232685.423192978 14.503384280
1512232685.515495539 14.507125060
1512232685.584223747 14.506740235
1512232685.669239283 14.509006156
1512232685.747836351 14.510548679
1512232685.803285122 14.512218000
1512232685.866052151 14.515146779
1512232685.944638014 14.516391725
1512232686.012666464 14.516145262
1512232686.075860739 14.515448458
1512232686.152822018 14.513728160
1512232686.228776217 14.511892052
1512232686.324350834 14.510418866
1512232686.412787199 14.508012582
1512232686.504894018 14.522995177
1512232686.585067987 14.552909514
1512232686.685588360 14.595612422
1512232686.772017956 14.624855008
1512232686.847911119 14.667730105
1512232686.961606741 14.713028690
1512232687.046430826 14.742409858
1512232687.134605169 14.782421262
1512232687.230857611 14.820062904
1512232687.316634178 14.845077016
1512232687.379957199 14.897902651
1512232687.466585636 14.924077651
1512232687.560642958 14.959129920
1512232687.653104782 14.989235519
1512232687.728134394 15.008576114
1512232687.808438063 15.027844698
1512232687.884124994 15.060118187
1512232687.980565786 15.096359582
1512232688.059030056 15.122524800
1512232688.163447618 15.162676517
1512232688.275973797 15.354085273
1512232688.421226740 15.374911865
1512232688.507076979 15.403988648
1512232688.600729227 15.423277160
1512232688.662101746 15.466432764
1512232688.752882957 15.502039312
1512232688.814876080 15.550057631
1512232688.899500847 15.583546766
1512232689.000308752 15.616905392
1512232689.080883265 15.640406822
1512232689.174318552 15.664405776
1512232689.255375862 15.688163374
1512232689.350408077 15.723783379
1512232689.451864719 15.758417367
1512232689.547130108 15.782478094
1512232689.621531010 15.820116804
1512232689.685243845 15.846014741
1512232689.772797346 15.882043630
1512232689.875525475 15.913910899
1512232689.955489159 15.941767488
1512232690.026686192 15.960597371
1512232690.117023945 15.980246073
1512232690.196712017 16.013023007
1512232690.274779558 16.048711841
1512232690.362579107 16.072660052
1512232690.431719542 16.095597834
1512232690.511422396 16.123539180
1512232690.623598099 16.148920480
1512232690.695743799 16.165219150
1512232690.779017210 16.193825718
1512232690.887262106 16.216389971
1512232690.963299990 16.240246617
1512232691.047526360 16.277206522
1512232691.143975973 16.311819764
1512232691.217625618 16.333399220
1512232691.308157682 16.363423803
1512232691.373125076 16.392730415
1512232691.453865528 16.413607145
1512232691.516275167 16.446053296
1512232691.586220980 16.467733692
1512232691.665669680 16.498585538
1512232691.726055861 16.517750162
1512232691.806995869 16.536805740
1512232691.895105600 16.555771937
1512232691.977526188 16.574690795
1512232692.043884754 16.604833965
1512232692.135769129 16.615349924
1512232692.201769114 16.647670320
1512232692.278259516 16.677320687
1512232692.354388237 16.694638408
1512232692.435750246 16.711843511
1512232692.512337923 16.736697389
1512232692.593569517 16.754915225
1512232692.678957701 16.775586905
1512232692.789025545 16.798225611
1512232692.870862007 16.835067955
1512232692.957678795 16.861216596
1512232693.026212692 16.895853614
1512232693.105503321 16.916528116
1512232693.183722019 16.946243065
1512232693.249760151 16.975908280
1512232693.312146664 16.997140141
1512232693.401626825 17.032583629
1512232693.473577499 17.054966696
1512232693.553046703 17.078034444
1512232693.618055105 17.100337757
1512232693.731301308 17.122527212
1512232693.802420378 17.158357819
1512232693.867875814 17.183152352
1512232693.938568354 17.206850777
1512232694.016352892 17.229639972
1512232694.106542349 17.271653521
1512232694.184895039 17.291482784
1512232694.294536591 17.312328783
1512232694.360668182 17.330102187
1512232694.441869259 17.332668077
1512232694.522282362 17.331785158
1512232694.599328518 17.332021132
1512232694.694620371 17.331375668
1512232694.767119646 17.330400067
1512232694.853878975 17.329834185
1512232694.937571764 17.329543650
1512232695.031126022 17.329878550
1512232695.116119385 17.330322208
1512232695.210430861 17.330113798
1512232695.293304682 17.329851686
1512232695.353178978 17.328017961
1512232695.428190470 17.325131298
1512232695.503187895 17.322582423
1512232695.579097748 17.319286597
1512232695.654072285 17.315796684
1512232695.760470390 17.314479866
1512232695.843061447 17.309806105
1512232695.923646212 17.305871366
1512232695.982572079 17.302115891
1512232696.084005833 17.297954354
1512232696.154768705 17.288819531
1512232696.232488155 17.285465210
1512232696.299114466 17.282473780
1512232696.357201815 17.280174855
1512232696.436390162 17.277723355
1512232696.524359941 17.275781613
1512232696.597428560 17.272604749
1512232696.695391655 17.270372662
1512232696.769125938 17.269656252
1512232696.850146294 17.268298758
1512232696.919304848 17.268354149
1512232697.014575720 17.271782404
1512232697.110390186 17.276764910
1512232697.170994759 17.280416169
1512232697.259319544 17.283865169
1512232697.331233978 17.287017253
1512232697.417632818 17.290403964
1512232697.489110231 17.306261789
1512232697.566435575 17.338343047
1512232697.645262718 17.395579502
1512232697.719563007 17.433252698
1512232697.811546564 17.468885525
1512232697.896351337 17.504182581
1512232697.974542856 17.556597670
1512232698.047375917 17.591855632
1512232698.130790472 17.624300643
1512232698.201113224 17.634035715
1512232698.282160044 17.635820172
1512232698.353698969 17.633588547
1512232698.471513033 17.634238463
1512232698.547700644 17.633775184
1512232698.623621702 17.632103490
1512232698.718744755 17.630156803
1512232698.797614574 17.627949197
1512232698.902601480 17.622350816
1512232698.983426809 17.619696652
1512232699.075763226 17.616177960
1512232699.151318073 17.611383062
1512232699.237099409 17.607158685
1512232699.331862450 17.603570983
1512232699.404356480 17.601299633
1512232699.480314970 17.597763847
1512232699.579400301 17.596065390
1512232699.654733896 17.592994389
1512232699.746043682 17.590590012
1512232699.845525980 17.588728825
1512232699.929217100 17.587163588
1512232700.024721622 17.586916371
1512232700.102323532 17.586937684
1512232700.194432020 17.586856808
1512232700.269692659 17.586528746
1512232700.362368822 17.586221285
1512232700.439842939 17.585752258
1512232700.519866943 17.584709269
1512232700.594869137 17.583879727
1512232700.675821781 17.584179829
1512232700.743731737 17.585053876
1512232700.831582546 17.585738733
1512232700.918102741 17.586043925
1512232701.004909515 17.586380385
1512232701.117230177 17.579023035
1512232701.192830563 17.553556110
1512232701.295540810 17.510136738
1512232701.379715443 17.482042491
1512232701.479071140 17.441073499
1512232701.560003519 17.401666616
1512232701.627732754 17.378320317
1512232701.690943241 17.369639491
1512232701.765760660 17.365440226
1512232701.834531784 17.359317789
1512232701.911077023 17.353898862
1512232701.972098351 17.350451725
1512232702.059651613 17.348577648
1512232702.135070562 17.343096791
1512232702.227659464 17.339681156
1512232702.339655161 17.336196608
1512232702.444303989 17.332913331
1512232702.522525311 17.329442229
1512232702.602823257 17.324614664
1512232702.696546078 17.319237459
1512232702.784821033 17.314029637
1512232702.889792681 17.307787722
1512232702.989784479 17.304031510
1512232703.060785294 17.297754859
1512232703.145674944 17.292360248
1512232703.229028225 17.288972176
1512232703.321019888 17.283399584
1512232703.411416292 17.276260589
1512232703.482493877 17.267730071
1512232703.573769808 17.261868784
1512232703.664017439 17.252943217
1512232703.734061718 17.247187675
1512232703.811403990 17.239010536
1512232703.875642776 17.233714188
1512232703.962021828 17.224981413
1512232704.042212725 17.215844211
1512232704.122426033 17.209961700
1512232704.198286772 17.204835675
1512232704.278229952 17.201067237
1512232704.360779762 17.193447704
1512232704.436458111 17.188621070
1512232704.515661240 17.184180214
1512232704.602942944 17.178268167
1512232704.681815624 17.175403004
1512232704.760400057 17.175563831
1512232704.841876268 17.176473615
1512232704.914793968 17.175899438
1512232704.980992079 17.176392900
1512232705.069262266 17.176653515
1512232705.161041975 17.177578304
1512232705.251166105 17.176767350
1512232705.355436325 17.176425130
1512232705.423440218 17.175554724
1512232705.499856949 17.175858556
1512232705.565341711 17.174816947
1512232705.642606735 17.171660187
1512232705.734186172 17.167389707
1512232705.817171335 17.163730158
1512232705.911723614 17.161341949
1512232705.993577957 17.158144800
1512232706.087291241 17.154130982
1512232706.162390232 17.147781831
1512232706.264317751 17.142846708
1512232706.329186916 17.136306724
1512232706.413588524 17.129642585
1512232706.506670475 17.126094183
1512232706.594114304 17.122086381
1512232706.667391777 17.117849699
1512232706.741708517 17.115069408
1512232706.808722496 17.111749937
1512232706.864169836 17.103462958
1512232706.928684473 17.100944755
1512232707.011077642 17.098544501
1512232707.077631235 17.096744056
1512232707.136978149 17.093590626
1512232707.226027727 17.092848852
1512232707.311044931 17.091878517
1512232707.393828392 17.090708453
1512232707.476963997 17.089642029
1512232707.571505785 17.088141970
1512232707.679317474 17.083530532
1512232707.753969193 17.079289435
1512232707.852478981 17.073486383
1512232707.925148964 17.068775790
1512232708.021635294 17.061678673
1512232708.101638794 17.054971064
1512232708.175572157 17.061101498
1512232708.242110252 17.103930165
1512232708.341130972 17.135435294
1512232708.420677423 17.184056967
1512232708.547753811 17.228957696
1512232708.618537188 17.259856427
1512232708.702231407 17.290431733
1512232708.761406898 17.333971598
1512232708.832409620 17.365040459
1512232708.912959814 17.426453666
1512232708.989437342 17.472210651
1512232709.076560736 17.503705246
1512232709.147979498 17.535067390
1512232709.213232756 17.564295999
1512232709.323766232 17.588920403
1512232709.398043633 17.622002860
1512232709.476498127 17.649847567
1512232709.549415588 17.672775233
1512232709.616425753 17.699228855
1512232709.693573713 17.738947074
1512232709.786267042 17.781257988
1512232709.860979557 17.809398802
1512232709.938744068 17.837474312
1512232710.026769876 17.857800173
1512232710.124743462 17.862282786
1512232710.205255508 17.867236100
1512232710.276856184 17.870213680
1512232710.385153532 17.873179625
1512232710.462461233 17.878373929
1512232710.542420626 17.880174676
1512232710.620339394 17.878611915
1512232710.687009811 17.882250948
1512232710.773745060 17.881691107
1512232710.843552351 17.880515536
1512232710.937608719 17.880483127
1512232711.010349035 17.880812354
1512232711.091801643 17.880556451
1512232711.172322989 17.880828664
1512232711.275499821 17.880692260
1512232711.350808859 17.880529011
1512232711.441793680 17.880428621
1512232711.520609617 17.880046661
1512232711.613647938 17.879948954
1512232711.675321817 17.879034801
1512232711.774349213 17.877469875
1512232711.831803799 17.875238926
1512232711.921121120 17.873426951
1512232711.983774662 17.872162484
1512232712.059055567 17.871651954
1512232712.148129940 17.869950337
1512232712.210900307 17.875684786
1512232712.286201239 17.902141130
1512232712.353259563 17.940228506
1512232712.431457043 17.993265570
1512232712.516307831 18.028597155
1512232712.601954460 18.064935211
1512232712.679546833 18.100390304
1512232712.759009600 18.133832904
1512232712.843244076 18.180811446
1512232712.936688662 18.210709996
1512232713.050126314 18.253892125
1512232713.129210949 18.282257658
1512232713.222909689 18.322548446
1512232713.294742823 18.347864273
1512232713.376306295 18.385943014
1512232713.456365824 18.419458063
1512232713.586519480 18.457473854
1512232713.665885687 18.481308292
1512232713.738559246 18.507805787
1512232713.815577269 18.510897114
1512232713.895763397 18.514494085
1512232713.969232559 18.520509291
1512232714.044662476 18.525867747
1512232714.128278732 18.528874624
1512232714.200704336 18.532358557
1512232714.288812637 18.535151912
1512232714.361213684 18.536841546
1512232714.436130762 18.538138793
1512232714.502303600 18.539396879
1512232714.589583397 18.540749390
1512232714.647448063 18.541457705
1512232714.712105513 18.542441153
1512232714.786901474 18.543093924
1512232714.865173340 18.543266351
1512232714.962000847 18.543711524
1512232715.042652607 18.544190616
1512232715.143281460 18.545326667
1512232715.230649710 18.545975981
1512232715.314559460 18.540772021
1512232715.394076347 18.534303942
1512232715.485303640 18.530810201
1512232715.570192099 18.527119351
1512232715.669898510 18.524390877
1512232715.744250059 18.523551414
1512232715.834777355 18.523341773
1512232715.905849695 18.523435711
1512232715.984604597 18.523641569
1512232716.051832914 18.523785127
1512232716.123133183 18.523810121
1512232716.194840431 18.523687316
1512232716.275863409 18.523773161
1512232716.345960140 18.523793935
1512232716.426354647 18.523639124
1512232716.499873161 18.523770851
1512232716.566970825 18.523772242
1512232716.643821955 18.523754741
1512232716.715454340 18.523771280
1512232716.810704470 18.523740869
1512232716.874889135 18.523670962
1512232716.948608398 18.523768272
1512232717.040686369 18.523790709
1512232717.102846622 18.523778598
1512232717.191545963 18.523758271
1512232717.249740124 18.523731788
1512232717.312979460 18.523773016
1512232717.387783289 18.523767275
1512232717.490087032 18.523796464
1512232717.599878073 18.523720023
1512232717.762338161 18.523789292
1512232717.842602253 18.523764854
1512232717.937045097 18.523791568
1512232718.030116320 18.523695802
1512232718.106409550 18.523792512
1512232718.183411598 18.523755388
1512232718.267693996 18.523774534
1512232718.344803333 18.523774258
1512232718.426036119 18.523807461
1512232718.489283085 18.523711149
1512232718.588689566 18.523723899
1512232718.683836699 18.523787817
1512232718.762446642 18.523740675
