1512232501.921150 0.000000000 0.000000000 0.000000000 0.000000000 0.000000000 0.000000000 1.000000000
1512232501.921152 -0.000061472 -0.000014901 -0.000179209 -0.000006308 -0.000093356 0.000042686 1.000000000
1512232501.963988 0.000300991 0.000176730 0.000291562 0.000025528 -0.000184064 0.000035038 0.999999940
1512232502.175267 0.000279444 0.000270636 0.000565656 0.000021545 -0.000185726 0.000056930 0.999999940
1512232502.253857 0.000281378 0.000105316 0.000258053 0.000004535 -0.000183505 0.000024271 0.999999940
1512232502.438341 0.000273797 0.000084537 0.000170402 -0.000002913 -0.000197944 0.000025640 1.000000000
1512232502.566690 0.000180862 0.000140590 0.000330377 0.000002306 -0.000150772 -0.000039433 1.000000000
1512232502.640438 0.000000000 0.000000000 0.000000000 0.000000000 0.000000000 0.000000000 1.000000000
1512232502.876872 -0.000151172 -0.000159402 -0.000429963 -0.000047223 0.000050152 -0.000044605 1.000000000
1512232503.015977 0.000036006 -0.000067760 -0.000031096 -0.000037536 -0.000026056 0.000029382 1.000000000
1512232503.224582 -0.000082095 -0.000173664 -0.000266153 -0.000036634 0.000019099 0.000001426 1.000000000
1512232503.432090 -0.000111524 -0.000062071 -0.000145539 -0.000001697 0.000034358 -0.000052038 1.000000000
1512232503.579175 -0.000240250 -0.000138349 -0.000320681 -0.000041852 0.000029730 -0.000046576 1.000000000
1512232503.739550 0.000088001 -0.000062727 0.000052428 -0.000020765 0.000018329 0.000044531 1.000000000
1512232503.864460 -0.000028953 -0.000096567 -0.000121311 -0.000025820 0.000015416 0.000017895 1.000000000
1512232504.023443 0.000033673 -0.000048260 -0.000058413 -0.000034360 0.000007659 0.000062812 1.000000000
1512232504.094265 0.000002484 -0.000118766 -0.000175612 -0.000041254 0.000037119 0.000099513 1.000000000
1512232504.258774 0.000010284 -0.000056701 -0.000066901 -0.000009971 0.000031082 0.000013315 1.000000000
1512232504.429081 0.000098804 -0.000034267 0.000014016 -0.000005215 -0.000007566 0.000044122 1.000000000
1512232504.675407 -0.000091467 -0.000058560 -0.000132062 -0.000003220 0.000023910 -0.000028319 1.000000000
1512232504.825969 -0.000087072 -0.000177999 -0.000347625 -0.000053661 0.000050715 0.000037100 1.000000000
1512232504.903833 -0.000120588 -0.000115221 -0.000060023 -0.000058848 0.000054617 -0.000021112 1.000000000
1512232505.141208 -0.000037748 -0.000094421 -0.000163727 -0.000026551 0.000058239 0.000016560 1.000000000
1512232505.253123 -0.000039176 -0.000115582 -0.000130150 -0.000030099 0.000019452 0.000033416 1.000000000
1512232505.398716 0.000027932 -0.000074687 -0.000070932 -0.000037074 0.000014118 0.000063307 1.000000000
1512232505.529928 -0.000081219 -0.000064143 -0.000134654 0.000003502 0.000031910 0.000003039 1.000000000
1512232505.739351 0.000075671 -0.000016203 0.000104847 -0.000031858 0.000000833 0.000005633 1.000000000
1512232505.941451 -0.000001215 -0.000090470 -0.000103465 -0.000043593 0.000004387 0.000044295 1.000000000
1512232506.166966 -0.000085366 -0.000164442 -0.000327820 -0.000031192 0.000007881 0.000053127 1.000000000
1512232506.309543 -0.000012616 -0.000059219 -0.000013111 -0.000039494 0.000010676 -0.000063186 1.000000000
1512232506.430511 -0.000005582 -0.000053142 -0.000032127 -0.000012129 0.000022766 -0.000007148 1.000000000
1512232506.592880 -0.000036403 -0.000031867 -0.000099823 0.000000207 -0.000001553 -0.000032673 1.000000000
1512232506.789117 -0.000105989 -0.000072913 -0.000174037 -0.000037630 0.000042875 -0.000040324 1.000000000
1512232506.936558 -0.000018240 -0.000073205 -0.000002595 -0.000025477 0.000000614 0.000044723 1.000000000
1512232506.994105 0.000008202 -0.000025514 0.000009786 0.000004350 0.000007294 -0.000049310 1.000000000
1512232507.240499 -0.000074779 -0.000080406 -0.000098071 -0.000039841 0.000000171 -0.000042513 1.000000000
1512232507.423925 -0.000030861 -0.000168648 -0.000175852 -0.000062377 -0.000009960 0.000123825 1.000000000
1512232507.578929 0.000008778 -0.000029578 -0.000057807 -0.000007987 0.000028008 -0.000065141 1.000000000
1512232507.704552 0.000017222 -0.000118827 -0.000094212 -0.000050765 0.000004715 0.000100499 1.000000000
1512232507.882764 0.000070491 -0.000098089 -0.000117937 -0.000015455 0.000010519 0.000014653 1.000000000
1512232508.052605 0.000156383 0.000017828 0.000010735 0.000005815 -0.000007642 0.000012874 1.000000000
1512232508.191094 -0.000006056 -0.000097212 -0.000115277 -0.000031481 0.000034262 0.000052954 1.000000000
1512232508.414702 -0.000048505 -0.000078117 -0.000086130 -0.000043947 0.000020987 -0.000003507 1.000000000
1512232508.566039 0.000058185 -0.000128897 -0.000057506 -0.000049944 0.000001049 0.000102190 1.000000000
1512232508.679544 -0.000034603 -0.000161231 -0.000116440 -0.000064402 0.000016325 0.000090699 1.000000000
1512232508.832080 0.000086284 -0.000114341 -0.000010966 -0.000043450 -0.000025313 0.000115248 1.000000000
1512232509.009769 -0.000032140 -0.000022417 -0.000012270 -0.000004786 -0.000001894 -0.000058317 1.000000000
1512232509.216346 0.000026606 -0.000072560 -0.000090926 -0.000041292 -0.000014464 0.000032849 1.000000000
1512232509.359644 0.000251445 0.000106425 0.000296028 -0.000006905 -0.000036661 -0.000002946 1.000000000
1512232509.535151 -0.000028093 -0.000151642 -0.000204111 -0.000041304 0.000026118 0.000092641 1.000000000
1512232509.627306 -0.000027469 -0.000153727 -0.000225709 -0.000049603 0.000026901 0.000085038 1.000000000
1512232509.838521 0.000064435 -0.000065549 0.000040067 -0.000042639 -0.000021109 0.000057402 1.000000000
1512232509.986139 0.000050414 -0.000061623 -0.000056700 -0.000026516 0.000027036 0.000082624 1.000000000
1512232510.143628 -0.000061959 -0.000061008 -0.000065137 -0.000014766 0.000030996 0.000015162 1.000000000
1512232510.281317 0.000097241 -0.000049500 0.000072570 -0.000024795 -0.000024689 0.000057080 1.000000000
1512232510.502650 -0.000103505 -0.000085364 -0.000107523 -0.000026337 0.000055293 -0.000060009 1.000000000
1512232510.647621 -0.000003707 -0.000074842 -0.000136687 0.000004656 -0.000001054 -0.000025132 1.000000000
1512232510.832470 -0.000037463 -0.000102473 -0.000109470 -0.000035053 0.000033755 -0.000026808 1.000000000
1512232511.033954 0.000033960 -0.000090688 -0.000122133 -0.000018641 -0.000008725 0.000070339 1.000000000
1512232511.173484 -0.000035845 -0.000008805 -0.000055233 0.000011494 0.000030813 -0.000021855 1.000000000
1512232511.345474 0.000123479 -0.000117604 -0.000096697 -0.000010324 -0.000009046 0.000022493 1.000000000
1512232511.483266 -0.000004776 -0.000022368 0.000004720 -0.000000304 0.000018874 -0.000017599 1.000000000
1512232511.665068 0.000040137 -0.000029144 0.000014334 -0.000026117 -0.000025429 -0.000022221 1.000000000
1512232511.849381 0.000044506 -0.000095146 0.000009956 -0.000056555 0.000013100 0.000019068 1.000000000
1512232511.997057 -0.000054801 -0.000041518 -0.000028097 -0.000025991 0.000038577 -0.000020855 1.000000000
1512232512.138816 0.000003565 -0.000183655 -0.000252288 -0.000060955 -0.000000179 0.000059212 1.000000000
1512232512.290404 -0.000009626 -0.000089415 -0.000033712 -0.000052872 0.000004786 -0.000009199 1.000000000
1512232512.499984 -0.000011549 -0.000109975 -0.000150235 -0.000063894 0.000026318 -0.000000621 1.000000000
1512232512.627045 -0.000093418 -0.000128321 -0.000129960 -0.000014581 0.000008519 0.000031512 1.000000000
1512232512.782758 -0.000009131 -0.000075645 -0.000031226 -0.000037894 0.000008618 0.000028293 1.000000000
1512232512.870535 -0.000087346 -0.000073558 -0.000251075 -0.000016182 0.000011576 0.000090117 1.000000000
1512232513.118439 -0.000035448 -0.000095160 -0.000195692 -0.000014266 0.000032248 0.000070584 1.000000000
1512232513.296684 -0.000002568 -0.000034428 -0.000014593 0.000002263 0.000016845 -0.000021443 1.000000000
1512232513.469295 -0.000013679 -0.000100762 -0.000043280 -0.000026069 0.000013788 0.000073782 1.000000000
1512232513.695391 0.000001242 -0.000108029 -0.000041774 -0.000056620 -0.000022888 -0.000011788 1.000000000
1512232513.847546 -0.000004407 -0.000023572 0.000021541 -0.000008444 0.000034893 -0.000037717 1.000000000
1512232514.010073 0.000041701 -0.000148378 -0.000072019 -0.000055761 -0.000004695 0.000065635 1.000000000
1512232514.214189 -0.000123291 -0.000112650 -0.000238439 -0.000014245 0.000055615 -0.000021293 1.000000000
1512232514.371122 0.000019249 -0.000151960 -0.000177082 -0.000067163 0.000026916 0.000055707 1.000000000
1512232514.564431 0.000077838 -0.000027730 0.000216808 -0.000031153 -0.000011184 0.000026429 1.000000000
1512232514.698517 0.000007734 0.000014399 0.000028567 -0.000014420 0.000024779 -0.000052057 1.000000000
1512232514.899237 -0.000010163 -0.000076823 -0.000059395 -0.000035514 0.000017475 -0.000002821 1.000000000
1512232515.023016 -0.000096849 -0.000079391 -0.000147443 -0.000039973 0.000046283 -0.000108000 1.000000000
1512232515.217317 -0.000001048 -0.000047997 -0.000022164 -0.000029625 0.000024624 -0.000003818 1.000000000
1512232515.399650 -0.000050067 -0.000029660 -0.000054540 0.000013769 0.000033331 0.000015205 1.000000000
1512232515.567446 -0.000006819 -0.000060694 -0.000150197 0.000001850 0.000000233 -0.000004311 1.000000000
1512232515.749178 0.000041465 -0.000053013 0.000069382 -0.000028861 0.000003179 0.000093121 1.000000000
1512232515.917430 -0.000137097 -0.000106261 -0.000245315 -0.000049033 0.000035439 -0.000033488 1.000000000
1512232515.984478 -0.000073143 -0.000135129 -0.000124064 -0.000058864 0.000026414 0.000022304 1.000000000
1512232516.148322 0.000035068 -0.000187571 -0.000082747 -0.000085820 0.000003635 0.000101348 1.000000000
1512232516.230875 0.000087873 -0.000127233 -0.000047132 -0.000048694 -0.000001732 0.000125939 1.000000000
1512232516.417673 0.000056237 -0.000054044 0.000080311 -0.000051052 0.000006209 -0.000034685 1.000000000
1512232516.589178 0.000006475 -0.000054787 0.000045756 -0.000027731 0.000055802 -0.000006384 1.000000000
1512232516.804873 -0.000105104 -0.000092709 -0.000193169 -0.000020935 0.000043512 0.000042393 1.000000000
1512232516.947375 -0.000021712 -0.000085629 -0.000010448 -0.000045324 0.000029326 0.000046886 1.000000000
1512232517.119028 -0.000023600 -0.000094879 -0.000097885 -0.000029196 0.000012230 0.000007885 1.000000000
1512232517.306698 -0.000025448 -0.000158776 -0.000131727 -0.000060248 0.000009132 0.000061151 1.000000000
1512232517.436868 -0.000033477 -0.000112605 -0.000138390 -0.000042378 0.000022029 0.000052249 1.000000000
1512232517.510547 0.000012999 -0.000068202 -0.000004394 -0.000042471 0.000012366 0.000042056 1.000000000
1512232517.752046 -0.000080513 -0.000114431 -0.000237180 -0.000035852 0.000060091 0.000081492 1.000000000
1512232517.922152 0.000013506 -0.000038945 0.000013550 -0.000014088 0.000007071 0.000028136 1.000000000
1512232518.043420 -0.000147652 -0.000107107 -0.000080023 -0.000062843 0.000069679 -0.000023835 1.000000000
1512232518.229303 0.000041220 -0.000069469 -0.000061616 -0.000044051 0.000022911 -0.000047092 1.000000000
1512232518.445090 0.000028820 -0.000073171 0.000004172 -0.000046218 0.000031183 0.000018883 1.000000000
1512232518.640617 0.000036983 -0.000044289 -0.000014342 -0.000020208 -0.000015124 0.000005991 1.000000000
1512232518.813745 -0.000023272 -0.000148482 -0.000098341 -0.000056057 0.000008895 0.000120289 1.000000000
1512232519.005694 0.000032924 -0.000122895 -0.000110029 -0.000046596 -0.000008252 0.000104463 1.000000000
1512232519.115637 0.000049904 -0.000111017 -0.000046988 -0.000049175 -0.000000032 0.000083447 1.000000000
1512232519.322350 0.000050272 -0.000019142 -0.000068379 0.000000497 -0.000008060 0.000010951 1.000000000
1512232519.501396 -0.000086215 -0.000154177 -0.000324057 -0.000031700 0.000023156 0.000045118 1.000000000
1512232519.643553 -0.000049068 -0.000085731 -0.000178990 -0.000042308 0.000033987 0.000004467 1.000000000
1512232519.779123 0.000039675 -0.000025255 0.000136919 -0.000016188 0.000006509 0.000060056 1.000000000
1512232519.953128 0.000019983 -0.000042677 0.000037477 -0.000054748 -0.000012666 0.000020321 1.000000000
1512232520.097726 0.000001637 -0.000180446 -0.000108908 -0.000090708 0.000009705 0.000059340 1.000000000
1512232520.254383 0.000054451 -0.000092393 -0.000055624 -0.000036353 -0.000005873 0.000081708 1.000000000
1512232520.505245 0.000039140 -0.000101443 -0.000039954 -0.000057982 -0.000046592 0.000024050 1.000000000
1512232520.658768 0.000018274 -0.000102662 -0.000143260 -0.000048703 0.000004553 0.000075286 1.000000000
1512232520.790704 -0.000141669 -0.000128428 -0.000221528 -0.000045645 0.000042933 0.000034167 1.000000000
1512232521.008663 0.000073710 -0.000034162 -0.000039960 -0.000018290 -0.000005058 0.000068055 1.000000000
1512232521.161248 -0.000043366 -0.000091278 -0.000029929 -0.000071698 0.000015034 -0.000003647 1.000000000
1512232521.369101 -0.000045931 -0.000064066 -0.000083021 -0.000017933 0.000022553 -0.000021533 1.000000000
1512232521.534929 -0.000001591 -0.000095040 -0.000005989 -0.000064032 0.000003277 0.000004812 1.000000000
1512232521.619417 0.000087873 -0.000063350 0.000070456 -0.000029241 -0.000025079 0.000029866 1.000000000
1512232521.805220 -0.000009868 -0.000068629 -0.000040233 -0.000021730 0.000037222 0.000069263 1.000000000
1512232521.976382 0.000057021 0.000025033 0.000117097 -0.000032275 -0.000006873 -0.000036728 1.000000000
1512232522.101131 0.000061800 -0.000044289 -0.000019302 -0.000012551 0.000021644 0.000065714 1.000000000
1512232522.288038 -0.000029993 -0.000026442 0.000069125 -0.000005484 0.000056108 -0.000005073 1.000000000
1512232522.445336 0.000082803 -0.000094794 -0.000099884 -0.000014411 0.000007073 0.000014902 1.000000000
1512232522.585714 -0.000024721 -0.000086351 -0.000007501 -0.000045179 0.000015593 0.000007657 1.000000000
1512232522.792920 0.000088121 -0.000083771 0.000020527 -0.000043681 -0.000000481 0.000062709 1.000000000
1512232522.941611 0.000080911 -0.000110757 -0.000060655 -0.000052798 -0.000012567 0.000079709 1.000000000
1512232523.145401 -0.000007425 -0.000080555 -0.000086813 -0.000029164 -0.000009841 0.000034626 1.000000000
1512232523.321475 0.000028871 -0.000122283 -0.000031899 -0.000065915 -0.000006843 0.000063626 1.000000000
1512232523.503389 -0.000099248 -0.000226261 -0.000211761 -0.000065278 0.000046620 0.000065785 1.000000000
1512232523.628485 -0.000032811 -0.000219300 -0.000214670 -0.000061465 0.000038339 0.000033839 1.000000000
1512232523.865885 -0.000081144 -0.000116750 -0.000218498 -0.000016275 0.000013320 0.000010297 1.000000000
1512232524.036551 -0.000038734 -0.000148751 -0.000190400 -0.000049261 0.000030112 0.000023144 1.000000000
1512232524.175657 0.000221647 -0.000565989 0.002896975 0.000248033 -0.000020877 0.000168712 0.999999940
1512232524.376111 0.001618128 -0.001950658 0.018452989 0.000618101 -0.000131676 0.000419914 0.999999702
1512232524.550164 0.002226081 -0.003392980 0.043998592 0.000655164 0.000445058 0.000648344 0.999999464
1512232524.700958 0.003854169 -0.004276706 0.063988239 0.001000656 0.000624467 0.001455503 0.999998271
1512232525.008562 0.004608567 -0.006912195 0.153934464 0.001372371 -0.001234499 -0.000077741 0.999998271
1512232525.159819 0.005162587 -0.007463585 0.207447007 0.001078154 -0.003660477 -0.000526890 0.999992549
1512232525.417184 0.004158663 -0.012150019 0.295597315 0.000864697 -0.007974360 -0.001974601 0.999965847
1512232525.615416 0.003475707 -0.011370592 0.362555206 0.001284654 -0.010699664 -0.001559988 0.999940693
1512232525.839706 0.002168269 -0.013262912 0.427457243 0.000496281 -0.012907298 -0.002656866 0.999913037
1512232526.063340 0.000062315 -0.014799237 0.493110120 -0.000052756 -0.013699582 -0.002407305 0.999903262
1512232526.341243 -0.002263382 -0.017221808 0.590970099 0.000871922 -0.013787441 -0.001865448 0.999902844
1512232526.613020 0.012520649 -0.026381621 0.657617033 -0.000423492 0.008238173 -0.008126363 0.999932945
1512232526.760184 0.033101410 -0.029271867 0.696729958 -0.001137087 0.036052287 -0.008707525 0.999311328
1512232527.003723 0.194800109 -0.008808731 0.682930171 0.000545106 0.063437991 -0.010006458 0.997935474
1512232527.194032 0.218645543 -0.011223772 0.712427795 0.000575618 0.088763192 -0.009828233 0.996004105
1512232527.372314 0.255339682 -0.014918009 0.749621153 0.000677364 0.119348705 -0.007533969 0.992823541
1512232527.643355 0.310552597 -0.011045840 0.868765354 0.002111830 0.180242673 -0.008190135 0.983585775
1512232527.891148 0.359614074 -0.015108898 0.910866857 0.001070582 0.225554541 -0.005955871 0.974211752
1512232528.135274 0.429822981 -0.020082874 0.962737739 -0.000031291 0.274646640 -0.002776309 0.961541235
1512232528.384144 0.479848206 -0.021981819 1.035098791 0.000757459 0.329585046 -0.001681441 0.944124103
1512232531.257793 0.000000000 0.000000000 0.000000000 0.000000000 0.000000000 0.000000000 1.000000000
1512232531.399823 -0.015971839 -0.004783335 0.024665682 -0.000561927 -0.033300921 0.000131188 0.999445200
1512232531.570633 -0.035294406 -0.011558176 0.049376234 -0.002366266 -0.071234442 0.001206829 0.997456074
1512232531.751239 -0.058257475 -0.011344553 0.080359995 -0.001450546 -0.100498028 0.001120647 0.994935572
1512232531.913090 -0.080264255 -0.005039843 0.109661423 0.000777726 -0.134372413 -0.003044542 0.990925968
1512232532.088151 -0.101653501 -0.002617775 0.174520031 0.002894028 -0.143610895 -0.008901056 0.989589930
1512232532.340580 -0.120610178 -0.004918979 0.238169074 0.003559799 -0.145848021 -0.009608936 0.989253938
1512232532.506942 -0.128353074 -0.006240849 0.268059373 0.003845603 -0.147090033 -0.009009299 0.989074588
1512232532.733098 -0.150692493 -0.009713185 0.344529271 0.003838946 -0.148688182 -0.008284454 0.988841951
1512232532.875561 -0.166006327 -0.009347516 0.394045919 0.003803229 -0.150043964 -0.009427694 0.988627076
1512232533.107486 -0.195294529 -0.013535621 0.443016320 0.000572540 -0.172513202 -0.003571735 0.985000551
1512232533.324731 -0.224817351 -0.028126357 0.446041465 -0.005393130 -0.229635999 -0.005118601 0.973248184
1512232533.530946 -0.261629879 -0.030792963 0.469614774 -0.007777751 -0.278187633 -0.006020316 0.960476398
1512232533.684384 -0.277281970 -0.035291433 0.475613415 -0.009387315 -0.300065368 -0.005652390 0.953855693
1512232533.931901 -0.295115888 -0.043200556 0.477478385 -0.011176968 -0.331713378 -0.007212883 0.943286419
1512232534.148738 -0.336026222 -0.043415077 0.492235512 -0.013082441 -0.363672525 -0.007369011 0.931405842
1512232534.391865 -0.360127330 -0.050846733 0.492885709 -0.015334274 -0.399352938 -0.009322915 0.916621625
1512232534.601642 -0.382388681 -0.054545868 0.497024268 -0.017625382 -0.426466733 -0.009747987 0.904278934
1512232534.856872 -0.409878224 -0.064413764 0.503840685 -0.020840257 -0.456114143 -0.011934040 0.889597178
1512232535.097397 -0.462744504 -0.066624172 0.504474163 -0.023712102 -0.496791840 -0.010822131 0.867478251
1512232535.346604 -0.526838839 -0.069598265 0.499175251 -0.025617169 -0.549341738 -0.013919244 0.835088968
1512232535.496437 -0.539189816 -0.069851771 0.498816103 -0.025963031 -0.557162642 -0.013749658 0.829883575
1512232535.761228 -0.582531929 -0.070962220 0.489947170 -0.026235638 -0.585039914 -0.014754657 0.810445666
1512232535.910068 -0.609310031 -0.071644403 0.482680380 -0.027612468 -0.602300644 -0.014713283 0.797655940
1512232536.070448 -0.647364914 -0.069391437 0.477215409 -0.027164945 -0.622146189 -0.014808985 0.782289565
1512232536.340706 -0.679119408 -0.072684772 0.498202831 -0.029177390 -0.659614444 -0.013986863 0.750907362
1512232536.496821 -0.712564230 -0.072791189 0.486189365 -0.030688290 -0.678306937 -0.013226330 0.734018385
1512232536.814670 -0.776481271 -0.070683911 0.452823967 -0.030658824 -0.712535620 -0.013696556 0.700831950
1512232536.964481 -0.804819286 -0.069528848 0.437704444 -0.030990403 -0.730659664 -0.012781382 0.681918383
1512232537.260813 -0.829303026 -0.071594447 0.423144907 -0.032083616 -0.751631141 -0.013374667 0.658667088
1512232537.439530 -0.842567623 -0.072570071 0.413942307 -0.032900937 -0.761058331 -0.013284019 0.647712290
1512232537.711193 -0.867971778 -0.072407097 0.392331541 -0.031002602 -0.776623130 -0.012376860 0.629080355
1512232537.886494 -0.892853558 -0.072242945 0.365931332 -0.029590657 -0.794630587 -0.011973002 0.606253505
1512232538.154454 -0.921747327 -0.076833829 0.336389989 -0.031041343 -0.818128943 -0.013730773 0.574032187
1512232538.407267 -0.947765827 -0.075551435 0.305561692 -0.028083704 -0.833380699 -0.014359331 0.551798642
1512232538.638494 -0.979326904 -0.073047310 0.266692579 -0.025645798 -0.852686822 -0.014364010 0.521594703
1512232539.939077 0.000000000 0.000000000 0.000000000 0.000000000 0.000000000 0.000000000 1.000000000
1512232540.196634 -0.018749896 0.000045700 0.036738120 0.000136245 -0.032937530 -0.000478294 0.999457300
1512232540.384724 -0.033095706 -0.000154695 0.062939078 0.000811297 -0.053507224 -0.001539110 0.998565912
1512232540.540674 -0.043462664 -0.001412318 0.080084100 0.000063013 -0.068401918 -0.001218115 0.997657120
1512232540.705715 -0.046569183 -0.001010700 0.118778355 0.000180988 -0.069333889 -0.005352297 0.997579157
1512232540.877686 -0.049297221 -0.002650035 0.157298893 -0.000122533 -0.069592230 -0.004270062 0.997566402
1512232541.044690 -0.052667253 -0.004051643 0.199481979 -0.000484483 -0.068931684 -0.004278858 0.997612119
1512232541.286171 -0.056702234 -0.006570341 0.270425946 -0.000661175 -0.067710169 -0.004454302 0.997694850
1512232541.536489 -0.063372873 -0.006998462 0.341376215 -0.001891147 -0.066016331 -0.004679877 0.997805774
1512232541.751072 -0.070324175 -0.008589353 0.420170486 -0.003453270 -0.066437185 -0.005496074 0.997769475
1512232542.106911 -0.118822865 -0.012461678 0.507392168 -0.004478274 -0.122634418 -0.001211529 0.992441058
1512232542.386916 -0.157109216 -0.011500055 0.545329511 -0.005653935 -0.169116497 -0.002799987 0.985575855
1512232542.624806 -0.202684313 -0.010443554 0.587975264 -0.005375922 -0.217268407 -0.006782031 0.976073503
1512232542.763795 -0.226202980 -0.011308645 0.637264550 -0.004922768 -0.222072661 -0.007599651 0.974988103
1512232542.932406 -0.247028232 -0.011352981 0.681836128 -0.005222305 -0.225992382 -0.007265292 0.974087954
1512232543.112422 -0.264266402 -0.011944260 0.716446221 -0.006117755 -0.228593096 -0.006565308 0.973480701
1512232543.374275 -0.295886576 -0.011731320 0.778348625 -0.007493313 -0.230956942 -0.008337222 0.972899377
1512232543.563699 -0.325013876 -0.011643851 0.836217284 -0.006475531 -0.231384486 -0.007756220 0.972809911
1512232543.823914 -0.361903846 -0.012436388 0.912475049 -0.006759235 -0.230180725 -0.006911784 0.973099887
1512232543.977363 -0.384954363 -0.012868801 0.963308096 -0.007297346 -0.228844121 -0.006520716 0.973413885
1512232544.156126 -0.407739997 -0.013655357 1.012165189 -0.007477394 -0.227711558 -0.006169818 0.973680377
1512232544.342421 -0.429826796 -0.014513299 1.062594414 -0.006867956 -0.225423381 -0.006438390 0.974215448
1512232544.495453 -0.453192383 -0.014918216 1.116492510 -0.005423901 -0.220827416 -0.006817630 0.975273967
1512232544.644986 -0.480410337 -0.015216025 1.181542397 -0.005296399 -0.216415614 -0.006512141 0.976265252
1512232544.894511 -0.510852039 -0.015046664 1.255374312 -0.005437895 -0.213405192 -0.007240486 0.976921797
1512232545.142580 -0.539710760 -0.015885346 1.327412844 -0.006724734 -0.211148545 -0.007536144 0.977401793
1512232545.294214 -0.561079443 -0.016269047 1.378950477 -0.006716019 -0.211420059 -0.008286346 0.977337122
1512232545.541407 -0.595233381 -0.016362464 1.458100677 -0.006218081 -0.215339556 -0.009244873 0.976475716
1512232545.687104 -0.613485694 -0.016492205 1.499460936 -0.005875226 -0.217805550 -0.009498925 0.975928247
1512232545.965151 -0.650099099 -0.016526267 1.582999468 -0.006564515 -0.222214118 -0.010079246 0.974923670
1512232546.141531 -0.669525623 -0.016957348 1.625445485 -0.006493568 -0.223573416 -0.010437552 0.974609554
1512232546.464342 -0.712032199 -0.020716053 1.728029132 -0.005187310 -0.219557077 -0.010802695 0.975526035
1512232546.626783 -0.738319695 -0.019383797 1.790419340 -0.004138068 -0.215976000 -0.011519155 0.976321936
1512232546.845164 -0.764820337 -0.021659337 1.859824181 -0.005584777 -0.213163301 -0.011712293 0.976930439
1512232547.079218 -0.796731830 -0.019991543 1.949473262 -0.005395486 -0.210461631 -0.012284824 0.977510035
1512232547.220196 -0.812737286 -0.022783579 1.968920588 -0.004839092 -0.208157063 -0.012144713 0.978008032
1512232547.456565 -0.850779772 -0.013959339 2.058920383 -0.003196670 -0.206461430 -0.012812975 0.978365600
1512232547.620641 -0.863568723 -0.017291307 2.107673168 -0.002857664 -0.206787422 -0.011956085 0.978308678
1512232547.718102 -0.871622145 -0.019563101 2.135045052 -0.002515422 -0.206850767 -0.012048039 0.978295088
1512232547.870373 -0.891925097 -0.016568625 2.162847281 -0.001725481 -0.205619738 -0.013857507 0.978532314
1512232548.024792 -0.904691875 -0.022442434 2.228109837 -0.003449260 -0.207643777 -0.012626620 0.978116930
1512232548.188305 -0.929230750 -0.023484437 2.290346146 -0.003256740 -0.209725201 -0.012375571 0.977676630
1512232548.360455 -0.946045995 -0.023319317 2.329629183 -0.003069872 -0.211270705 -0.012306183 0.977345288
1512232548.531808 -0.966571152 -0.024448048 2.377546072 -0.002701780 -0.212934107 -0.013553637 0.976968825
1512232548.708857 -0.986364365 -0.025378946 2.425381422 -0.003429854 -0.214610666 -0.012804180 0.976609707
1512232548.919770 -1.019542813 -0.026238550 2.502181768 -0.003897606 -0.216222882 -0.013258957 0.976246238
1512232549.155030 -1.050954223 -0.027160348 2.573909998 -0.002746823 -0.216060460 -0.012447243 0.976296782
1512232549.411327 -1.080289364 -0.027647924 2.639984131 -0.002084083 -0.215806425 -0.011856543 0.976361930
1512232549.648297 -1.119034290 -0.028265715 2.722902060 -0.003223963 -0.216794357 -0.012960027 0.976125956
1512232549.875221 -1.153885245 -0.028927401 2.799029112 -0.004149962 -0.217670828 -0.013045685 0.975926220
1512232549.999480 -1.177772045 -0.030136663 2.852341890 -0.003785485 -0.217822447 -0.012680256 0.975898683
1512232550.260596 -1.209355474 -0.032173052 2.922321081 -0.002379921 -0.217040703 -0.012150377 0.976084054
1512232550.494204 -1.237660170 -0.032892153 2.984162331 -0.002702486 -0.216606393 -0.012744308 0.976172090
1512232550.748291 -1.268953443 -0.034355655 3.053359509 -0.003124178 -0.215653330 -0.013659220 0.976369441
1512232550.908732 -1.291783690 -0.033776954 3.103926897 -0.003073625 -0.214194298 -0.013626602 0.976691186
1512232551.053647 -1.313491464 -0.035361424 3.155431986 -0.002998981 -0.212198764 -0.013980640 0.977121890
1512232551.239255 -1.333979487 -0.036966883 3.205432653 -0.002642288 -0.208903611 -0.013027162 0.977845907
1512232551.457665 -1.355238199 -0.036160078 3.255445004 -0.004020950 -0.207073346 -0.014047044 0.978216290
1512232551.727652 -1.387308359 -0.036435191 3.337244511 -0.005033236 -0.200838968 -0.014261460 0.979507506
1512232551.905145 -1.412407637 -0.037070364 3.406877995 -0.005356125 -0.198851898 -0.014813610 0.979902983
1512232553.765450 0.000000000 0.000000000 0.000000000 0.000000000 0.000000000 0.000000000 1.000000000
1512232553.920067 -0.022038605 -0.001674330 0.027530298 -0.000597437 -0.044262733 -0.000423811 0.999019682
1512232554.100815 -0.045168899 -0.004578161 0.049952671 -0.001006145 -0.080067523 -0.001194123 0.996788204
1512232554.282681 -0.072599210 -0.005686032 0.080360070 -0.001849457 -0.111820027 -0.001618755 0.993725419
1512232554.444324 -0.085048020 -0.007176077 0.117173441 -0.002479626 -0.117631562 -0.005897079 0.993036687
1512232554.671632 -0.103855990 -0.008335570 0.187432498 -0.002934976 -0.118476264 -0.006826596 0.992929041
1512232554.822603 -0.115212396 -0.009132568 0.234888405 -0.002223655 -0.118300423 -0.006091371 0.992956638
1512232555.022601 -0.124604017 -0.010750661 0.275007904 -0.001809910 -0.116692513 -0.006275692 0.993146598
1512232555.256886 -0.141584709 -0.011264859 0.349876225 -0.001273033 -0.114816032 -0.006164169 0.993366838
1512232555.559879 -0.161354423 -0.014505336 0.453192115 -0.003313151 -0.110138983 -0.005831506 0.993893564
1512232555.766556 -0.174347043 -0.016210455 0.527383626 -0.004094482 -0.105550289 -0.005909159 0.994387984
1512232556.064249 -0.190739349 -0.018056206 0.626498282 -0.004210806 -0.101972781 -0.005697933 0.994761944
1512232556.313141 -0.203718603 -0.018700495 0.698599458 -0.004297053 -0.100627005 -0.005782118 0.994898140
1512232556.474298 -0.209030107 -0.019684575 0.743892968 -0.004742071 -0.100391544 -0.005853404 0.994919479
1512232556.577434 -0.212740406 -0.022182427 0.774016142 -0.005865244 -0.101309925 -0.004877298 0.994825661
1512232556.831000 -0.229094297 -0.021554228 0.854314923 -0.004299886 -0.102005079 -0.005628002 0.994758666
1512232557.116580 -0.250761211 -0.024509255 0.981791377 -0.003454877 -0.107176967 -0.005933607 0.994216263
1512232557.285927 -0.266447186 -0.025635215 1.060905814 -0.003895144 -0.111285262 -0.006169369 0.993761718
1512232557.545839 -0.280795872 -0.027462691 1.129232049 -0.004458393 -0.114066929 -0.005353964 0.993448615
1512232557.692420 -0.291029245 -0.023914592 1.174584389 -0.003823520 -0.115212478 -0.006343891 0.993313253
1512232557.894431 -0.298182756 -0.029141586 1.217159748 -0.004442588 -0.115620561 -0.005459780 0.993268490
1512232558.141949 -0.314669400 -0.029387349 1.297420502 -0.004813223 -0.113854840 -0.007273708 0.993459105
1512232558.374628 -0.335080147 -0.029619932 1.403376818 -0.007069433 -0.110593185 -0.007948808 0.993808806
1512232558.624537 -0.350356489 -0.029918227 1.488261580 -0.007020212 -0.108997740 -0.007755399 0.993986964
1512232558.820771 -0.364650190 -0.032883365 1.568761110 -0.006889084 -0.106968060 -0.007224834 0.994212329
1512232559.048436 -0.379331559 -0.032672234 1.652463078 -0.006796153 -0.106474131 -0.008918682 0.994252264
1512232559.220243 -0.386459857 -0.033033937 1.698979139 -0.007024103 -0.106855996 -0.008374723 0.994214416
1512232559.445039 -0.399502099 -0.035538360 1.778093576 -0.005606353 -0.106710225 -0.007565795 0.994245589
1512232559.647143 -0.413804919 -0.038801465 1.863858819 -0.004288519 -0.106248699 -0.007699352 0.994300544
1512232559.868692 -0.422427952 -0.038258716 1.920233607 -0.003508842 -0.106607996 -0.007636289 0.994265616
1512232560.114553 -0.434891135 -0.039609745 1.997962713 -0.005201044 -0.106955722 -0.008435084 0.994214356
1512232560.461851 -0.413666934 -0.044514544 2.058771849 -0.005156562 -0.055572696 -0.010226884 0.998388946
1512232560.712912 -0.383448660 -0.047576457 2.129182577 -0.005177078 -0.005847603 -0.010155361 0.999917924
1512232560.939537 -0.352214634 -0.052564055 2.206288099 -0.005405107 0.047926329 -0.010122715 0.998784959
1512232561.179282 -0.302511185 -0.050160229 2.281795979 -0.002524958 0.077566609 -0.006160688 0.996964931
1512232561.387361 -0.380627155 -0.053107515 2.249070644 -0.006735193 0.046016373 -0.006230544 0.998898566
1512232562.836438 0.000000000 0.000000000 0.000000000 0.000000000 0.000000000 0.000000000 1.000000000
1512232563.067196 -0.010482309 -0.007325567 0.018899972 -0.001928749 -0.032524694 0.000125243 0.999469042
1512232563.132054 -0.013739168 -0.008509648 0.025699198 -0.002388727 -0.042165965 0.000891866 0.999107361
1512232563.322178 -0.030327685 -0.010334559 0.048646443 -0.002570455 -0.067136906 0.001022461 0.997739911
1512232563.575893 -0.055657357 -0.011020638 0.079554521 -0.004249027 -0.094539568 -0.000261877 0.995512009
1512232563.832526 -0.083170474 -0.013200057 0.113848075 -0.005836439 -0.126779735 0.000508548 0.991913617
1512232564.037360 -0.107406929 -0.016288219 0.143295214 -0.008585384 -0.166183904 0.004484612 0.986047208
1512232564.245488 -0.123555325 -0.020421773 0.162817091 -0.010708958 -0.205114514 0.003077851 0.978674531
1512232564.400611 -0.143919140 -0.020779248 0.179834262 -0.010915415 -0.222193018 0.002469809 0.974938452
1512232564.680009 -0.164993033 -0.020433590 0.198260576 -0.011008605 -0.244364336 0.002740931 0.969617128
1512232564.769750 -0.175447434 -0.021538995 0.205089346 -0.011697570 -0.253424913 0.003550442 0.967277825
1512232566.194366 0.000000000 0.000000000 0.000000000 0.000000000 0.000000000 0.000000000 1.000000000
1512232566.473038 -0.022724889 -0.001228507 0.035865910 -0.000110082 -0.032591265 -0.001032419 0.999468207
1512232566.638562 -0.036144149 -0.003468564 0.056097854 -0.000774907 -0.054002400 -0.001151241 0.998539805
1512232566.792372 -0.062680051 -0.004863322 0.093089610 -0.001701620 -0.087158561 -0.002357540 0.996190190
1512232567.037412 -0.096037664 -0.009091837 0.124068409 -0.002248595 -0.121799909 -0.004969679 0.992539704
1512232567.190247 -0.111343145 -0.011555397 0.137657300 -0.002816438 -0.141341478 -0.005213519 0.989943147
1512232567.343034 -0.157558054 -0.011378493 0.184187979 -0.005000893 -0.189016119 -0.006328058 0.981940866
1512232567.628137 -0.194026768 -0.010886192 0.215513974 -0.004910445 -0.223443300 -0.007035775 0.974679172
1512232567.791408 -0.218912333 -0.012143265 0.231113225 -0.005142282 -0.248657838 -0.007491840 0.968548775
1512232568.071209 -0.237321436 -0.016752578 0.238088429 -0.007027689 -0.278420597 -0.007259060 0.960406125
1512232568.235117 -0.262576759 -0.020455988 0.249818385 -0.008459309 -0.306178421 -0.007557847 0.951906562
1512232569.659220 0.000000000 0.000000000 0.000000000 0.000000000 0.000000000 0.000000000 1.000000000
1512232569.896289 0.001266400 0.000694808 0.031727273 -0.000337036 -0.038388461 -0.001505387 0.999261677
1512232570.120808 -0.016401492 0.001781947 0.064734675 -0.001050612 -0.076663598 -0.003920904 0.997048736
1512232570.245575 -0.029361857 0.001061473 0.081542343 -0.001316040 -0.093575768 -0.004448951 0.995601356
1512232570.506027 -0.059557471 0.000806005 0.118121400 -0.001681810 -0.128159896 -0.004167545 0.991743326
1512232570.660855 -0.081183478 0.000712162 0.138457030 -0.002669955 -0.151433468 -0.004207230 0.988454878
1512232570.828724 -0.105469696 0.000425361 0.160779178 -0.002580552 -0.179307655 -0.004334605 0.983780086
1512232571.105872 -0.145033807 0.002201204 0.193574935 -0.003453263 -0.216738656 -0.004554997 0.976212919
1512232571.352713 -0.179877847 0.003123921 0.249239892 -0.004175289 -0.230088592 -0.011242886 0.973095775
1512232571.608030 -0.212514490 0.000685325 0.315651804 -0.004747920 -0.230216965 -0.011499966 0.973059773
1512232571.747607 -0.233907133 -0.001295551 0.370408475 -0.003347570 -0.229693115 -0.012329704 0.973179281
1512232571.908881 -0.251686692 -0.001867076 0.400042981 -0.002981089 -0.229683116 -0.012276144 0.973183453
1512232572.191753 -0.293848097 -0.003358660 0.488626748 -0.001718807 -0.227499515 -0.013419124 0.973684192
1512232572.374127 -0.316454440 -0.004770858 0.544822276 -0.002007502 -0.224777356 -0.013767464 0.974310815
1512232572.657904 -0.339142114 -0.005586882 0.585293770 -0.001611499 -0.221156985 -0.014578712 0.975127935
1512232572.815961 -0.366147459 -0.006766995 0.657530904 -0.001644714 -0.219711646 -0.013379573 0.975471735
1512232573.061733 -0.400639802 -0.007950819 0.737519383 -0.000802797 -0.217854217 -0.014940649 0.975866616
1512232573.287795 -0.427491456 -0.009719947 0.804392040 -0.000130192 -0.216682121 -0.014734426 0.976131022
1512232573.571235 -0.470649004 -0.013130908 0.912131965 0.000540402 -0.217110559 -0.013869604 0.976048350
1512232573.727325 -0.488241017 -0.014523076 0.954952955 -0.000104048 -0.217421368 -0.013010065 0.975991130
1512232573.964326 -0.517584085 -0.013527948 1.021382928 0.000159499 -0.219013721 -0.012717257 0.975638866
1512232574.100019 -0.534529388 -0.014324960 1.058750272 -0.000015663 -0.219776347 -0.012837610 0.975465834
1512232574.348372 -0.564336658 -0.015951436 1.126019716 -0.000377438 -0.220986873 -0.013698764 0.975180507
1512232574.581153 -0.595397949 -0.016913395 1.194413066 -0.000442484 -0.223541826 -0.013791250 0.974596679
1512232574.811317 -0.642205536 -0.017355597 1.237045407 -0.000544994 -0.249419481 -0.008882993 0.968354642
1512232575.019771 -0.699330568 -0.018586617 1.260979414 -0.001961899 -0.305608392 -0.011388657 0.952087164
1512232575.205972 -0.740821898 -0.019723684 1.276329398 -0.003644557 -0.344475508 -0.010812595 0.938725948
1512232575.448565 -0.798527241 -0.019312317 1.292551875 -0.004151477 -0.387699336 -0.013057963 0.921684027
1512232575.701266 -0.855169892 -0.019346662 1.385808229 0.001224814 -0.356090307 -0.024474684 0.934130132
1512232575.900933 -0.873394132 -0.025262540 1.445562959 0.000375862 -0.313654363 -0.024188006 0.949229002
1512232576.125061 -0.879646301 -0.029633684 1.494615436 -0.000558883 -0.277042389 -0.020477990 0.960639298
1512232576.368500 -0.900004685 -0.032080218 1.544070601 -0.001598896 -0.267657012 -0.018555341 0.963334203
1512232576.532130 -0.915342689 -0.033824936 1.577998638 -0.001234415 -0.260970742 -0.019466922 0.965149641
1512232576.693112 -0.932849169 -0.035544381 1.621588826 -0.001685556 -0.252037406 -0.018668799 0.967535913
1512232576.890424 -0.952303052 -0.037240319 1.669564128 -0.001594319 -0.243378237 -0.018205615 0.969759285
1512232577.158555 -0.978133976 -0.040983550 1.737622619 -0.002379386 -0.234428376 -0.014952937 0.972015500
1512232577.325990 -0.994201899 -0.036754929 1.787678242 -0.002330587 -0.229284897 -0.014696190 0.973245621
1512232577.408450 -1.006061316 -0.040517244 1.812402964 -0.002833367 -0.226082474 -0.015391949 0.973982453
1512232577.535510 -1.020145178 -0.044288337 1.845170498 -0.004388110 -0.228548259 -0.011923744 0.973449647
1512232577.637805 -1.030672550 -0.038970657 1.872779369 -0.003734840 -0.241255194 -0.009014414 0.970412612
1512232577.835600 -1.103580236 -0.033702247 1.918532252 -0.002590110 -0.278780788 -0.009197139 0.960307240
1512232578.008702 -1.157365322 -0.039729416 1.960306525 -0.003220867 -0.320821106 -0.016413594 0.946992099
1512232578.303407 -1.218052745 -0.039292261 2.032829285 -0.004339911 -0.323020458 -0.013557045 0.946284950
1512232578.446015 -1.256662250 -0.033900715 2.115777493 -0.003512878 -0.326553673 -0.014853604 0.945055366
1512232578.592957 -1.288818717 -0.036316339 2.147188425 -0.003758577 -0.327267438 -0.014927585 0.944806337
1512232578.732989 -1.324435949 -0.039193932 2.192331791 -0.004379564 -0.328634411 -0.015512929 0.944319665
1512232578.885681 -1.355880499 -0.039945573 2.235971212 -0.005605486 -0.329469830 -0.016040869 0.944013178
1512232578.967550 -1.363384604 -0.034872457 2.246166229 -0.005013580 -0.329876661 -0.014647909 0.943897069
1512232579.217896 -1.421009541 -0.040328968 2.306066751 -0.006361766 -0.329957932 -0.014431632 0.943863928
1512232579.365997 -1.461044788 -0.038718142 2.358911276 -0.005315330 -0.331998080 -0.016692838 0.943117380
1512232579.561903 -1.519146681 -0.035093524 2.431752920 -0.005249238 -0.332907140 -0.020024423 0.942732334
1512232581.096947 0.000000000 0.000000000 0.000000000 0.000000000 0.000000000 0.000000000 1.000000000
1512232581.419152 0.054816470 -0.004335786 0.070306845 -0.000290352 0.059259601 0.002731760 0.998238802
1512232581.502531 0.061234500 -0.005186290 0.080263279 -0.000351688 0.066565551 0.003335951 0.997776389
1512232581.784159 0.103996977 -0.008475153 0.154119983 -0.000599366 0.087994128 0.006814325 0.996097505
1512232581.959231 0.122336581 -0.008384333 0.211066514 -0.000526145 0.094355620 0.007907937 0.995507002
1512232582.214959 0.148332268 -0.010602245 0.298338532 -0.000846911 0.097499549 0.008353583 0.995200157
1512232582.394614 0.162762016 -0.012549671 0.353696525 -0.000560427 0.095055439 0.008551555 0.995435119
1512232582.664637 0.185404152 -0.014069946 0.442180574 -0.000834719 0.091281801 0.007321531 0.995797813
1512232582.906872 0.214067727 -0.017686563 0.538347483 -0.000101349 0.087619938 0.008229152 0.996119976
1512232583.161505 0.229870334 -0.019778334 0.607265949 0.000095329 0.089829266 0.008942630 0.995917022
1512232583.388803 0.247892857 -0.023038132 0.691554964 0.000409727 0.096634671 0.008347759 0.995284855
1512232583.600136 0.270957470 -0.026169987 0.778004229 -0.000495349 0.105725147 0.007527721 0.994366765
1512232583.808206 0.290105432 -0.027941190 0.842645228 -0.000726269 0.112687379 0.008314062 0.993595421
1512232583.993279 0.306537151 -0.030364614 0.893868029 -0.000594458 0.117675081 0.010127387 0.993000329
1512232584.179806 0.320879519 -0.031554393 0.937217712 -0.000471399 0.121097594 0.010858985 0.992581069
1512232584.448040 0.347572446 -0.030762097 1.012721896 0.000887320 0.128532171 0.009701499 0.991657436
1512232584.650049 0.380634278 -0.031534009 1.109112144 0.000698584 0.136053517 0.008277941 0.990666628
1512232584.857497 0.392064512 -0.033741537 1.170468569 0.002745201 0.125389621 0.014743813 0.991994202
1512232585.135602 0.366528571 -0.034934774 1.233218670 0.004755369 0.080075726 0.015342285 0.996659398
1512232585.305792 0.352346599 -0.037571616 1.267158628 0.004184152 0.049635123 0.014191642 0.998657823
1512232585.580454 0.333478540 -0.042428903 1.344841599 0.003769448 -0.000196871 0.007461131 0.999965012
1512232585.736509 0.353550434 -0.045263905 1.398252845 0.002545029 0.029146722 0.002737283 0.999568164
1512232585.977479 0.393405199 -0.048199605 1.457945466 0.000594306 0.081463799 0.002883407 0.996671975
1512232586.212927 0.428246230 -0.051919468 1.512675285 0.000308198 0.115822785 0.009708053 0.993222415
1512232586.382449 0.424823523 -0.054094326 1.561339974 0.002827802 0.092373408 0.017306773 0.995570004
1512232586.642441 0.410633802 -0.053746283 1.632939935 0.004376692 0.041635722 0.016276916 0.998990655
1512232586.862582 0.383113474 -0.057304356 1.690426350 0.002640899 -0.010051928 0.016563684 0.999808788
1512232588.443862 0.000000000 0.000000000 0.000000000 0.000000000 0.000000000 0.000000000 1.000000000
1512232588.768956 -0.005163208 -0.007429882 0.015444562 0.003375750 -0.034467503 0.005391423 0.999385595
1512232588.949374 -0.034963429 -0.010071772 0.053901456 0.002844347 -0.077857025 0.002737454 0.996956706
1512232589.137110 -0.077271894 -0.011569154 0.104889996 0.001939134 -0.122651994 0.000734009 0.992447615
1512232589.356181 -0.117300883 -0.012122647 0.166650847 0.001782766 -0.157217160 -0.003614394 0.987555802
1512232589.522850 -0.126083493 -0.013205619 0.195611104 0.001752897 -0.157939509 -0.003302960 0.987441719
1512232589.728724 -0.144110531 -0.014819257 0.254701465 0.001505003 -0.157342851 -0.003983742 0.987534821
1512232589.962250 -0.168959647 -0.015495301 0.333268672 0.000840417 -0.155755326 -0.004635443 0.987784445
1512232590.113878 -0.182435572 -0.016621215 0.378875583 0.000317187 -0.154595003 -0.004651236 0.987966895
1512232590.302576 -0.198965058 -0.018061120 0.435098797 0.000038390 -0.152902380 -0.004229000 0.988232255
1512232590.601026 -0.220500946 -0.019861348 0.512114525 -0.000394665 -0.151286796 -0.004294959 0.988480508
1512232590.877798 -0.246449307 -0.021619618 0.599782228 0.000126340 -0.151889533 -0.005398035 0.988382757
1512232591.099399 -0.279195458 -0.025052574 0.710193396 0.000912019 -0.155059472 -0.004725339 0.987893403
1512232591.325372 -0.302323163 -0.027811188 0.782840431 0.001377393 -0.161630839 -0.003754493 0.986843169
1512232591.577391 -0.328128248 -0.029077552 0.857182264 0.001419079 -0.168500483 -0.004827193 0.985688746
1512232591.799352 -0.354601055 -0.031170642 0.929360509 0.000859217 -0.174789175 -0.005453460 0.984590411
1512232592.014056 -0.382953852 -0.031883217 1.002255917 0.000580907 -0.181053311 -0.005148181 0.983459651
1512232592.193619 -0.398964465 -0.032836854 1.043614745 -0.000038545 -0.183779776 -0.004352286 0.982957840
1512232592.443832 -0.430193454 -0.033299807 1.120615840 0.000173012 -0.186162129 -0.005834200 0.982501686
1512232592.650255 -0.454396904 -0.034046654 1.177274227 -0.000123616 -0.186805248 -0.006718877 0.982373953
1512232592.925234 -0.491897106 -0.034140088 1.267364979 -0.001256878 -0.187570468 -0.006816778 0.982226670
1512232593.074653 -0.518714607 -0.035811834 1.336297274 -0.001658951 -0.187178299 -0.005912016 0.982306778
1512232593.310172 -0.553482056 -0.037199050 1.428730726 -0.000637148 -0.183227539 -0.006825725 0.983046591
1512232593.485573 -0.573110998 -0.038447436 1.486462474 -0.000369329 -0.179423824 -0.007019776 0.983746767
1512232593.703722 -0.588899493 -0.039338663 1.531983018 -0.000541304 -0.176425517 -0.006763198 0.984290600
1512232593.976194 -0.620456517 -0.041031770 1.624749422 0.000529115 -0.171985850 -0.004830118 0.985087454
1512232594.215722 -0.659427941 -0.042409349 1.741683483 0.000576459 -0.170149341 -0.005154203 0.985404611
1512232594.450615 -0.686147630 -0.043789938 1.822797179 -0.000484948 -0.169830695 -0.006033496 0.985454679
1512232594.611409 -0.704474628 -0.045366067 1.882115364 -0.000469401 -0.169287041 -0.005196331 0.985552967
1512232594.790255 -0.724116504 -0.047758996 1.937481642 -0.000521519 -0.171274900 -0.002417422 0.985220194
1512232594.979805 -0.752056062 -0.052919075 1.958922267 -0.000578442 -0.208886102 -0.001245710 0.977939010
1512232595.245655 -0.764163256 -0.065729499 1.940549612 -0.002813248 -0.267096490 -0.002909096 0.963661313
1512232596.240279 -1.052797675 -0.044875495 2.341360092 0.000972668 -0.322747529 -0.013033760 0.946394801
1512232596.472152 -1.115003347 -0.036230050 2.441443682 0.003140883 -0.327235550 -0.012811041 0.944850743
1512232596.614576 -1.154307485 -0.043091714 2.494602919 0.002814883 -0.329573691 -0.012236422 0.944046378
1512232596.702339 -1.168260098 -0.035035573 2.504639149 0.005136079 -0.329219282 -0.013561131 0.944142103
1512232596.945474 -1.208590269 -0.044195808 2.582690239 0.005094561 -0.334292263 -0.011268736 0.942388296
1512232597.008754 -1.213178515 -0.045470383 2.573731422 0.005178221 -0.333181947 -0.011633869 0.942776561
1512232597.240835 -1.266909838 -0.040852338 2.659604788 0.008228417 -0.334569871 -0.012969593 0.942245781
1512232597.367771 -1.322113752 -0.053100497 2.742385864 0.003452581 -0.353340447 -0.005815578 0.935470343
1512232598.962768 0.000000000 0.000000000 0.000000000 0.000000000 0.000000000 0.000000000 1.000000000
1512232599.245187 -0.035537440 -0.006474441 0.056538802 -0.002783998 -0.057369553 -0.002112318 0.998346865
1512232599.366503 -0.053365413 -0.009363333 0.076106742 -0.003444578 -0.079987824 -0.002577906 0.996786535
1512232599.540957 -0.071144134 -0.010506441 0.096625336 -0.004298769 -0.101692192 -0.002447428 0.994803607
1512232599.761207 -0.106116354 -0.011391047 0.131019041 -0.006332193 -0.137282759 -0.003233684 0.990506351
1512232600.016829 -0.137828559 -0.013168566 0.164031044 -0.007704283 -0.172104791 -0.002712072 0.985044777
1512232600.241170 -0.173971295 -0.014394981 0.198577046 -0.007913851 -0.209344029 -0.000836734 0.977809668
1512232600.474474 -0.222643986 -0.014512969 0.232119739 -0.007450085 -0.253719032 -0.003767903 0.967241943
1512232600.715435 -0.259559661 -0.013162900 0.256029636 -0.005414707 -0.286582053 -0.006524827 0.958018184
1512232600.862857 -0.293964386 -0.012375318 0.274649590 -0.005607590 -0.312317461 -0.008594151 0.949922383
1512232601.055319 -0.316355228 -0.011452071 0.286146611 -0.005645981 -0.329012275 -0.008957402 0.944266260
1512232601.312546 -0.348544240 -0.016329413 0.292457342 -0.006534133 -0.356808484 -0.011461485 0.934084356
1512232601.545531 -0.405052096 -0.015127393 0.325975358 -0.004020620 -0.387928545 -0.017423054 0.921516001
1512232601.721681 -0.438490927 -0.015631080 0.359484315 -0.003740337 -0.388001949 -0.017753197 0.921480000
1512232602.045221 -0.507607102 -0.017156605 0.429167718 -0.003271709 -0.383206576 -0.019132445 0.923458695
1512232602.191563 -0.540585041 -0.021238159 0.454699546 -0.006410594 -0.390449256 -0.015114116 0.920478046
1512232602.446517 -0.602104664 -0.021288889 0.493267506 -0.008109459 -0.449231535 -0.014268601 0.893264592
1512232604.199590 0.000000000 0.000000000 0.000000000 0.000000000 0.000000000 0.000000000 1.000000000
1512232604.356676 -0.018778672 -0.000752479 0.027724618 -0.000973547 -0.039541282 0.001315299 0.999216557
1512232604.511352 -0.031804021 0.000515165 0.067976892 -0.000759372 -0.055586550 -0.006186283 0.998434424
1512232604.742260 -0.037870567 -0.001339652 0.134498194 -0.001529800 -0.058038745 -0.005868568 0.998295903
1512232604.905648 -0.042785451 -0.002889980 0.184341446 -0.002141470 -0.059169494 -0.005658157 0.998229623
1512232605.065857 -0.048694611 -0.003507373 0.238940850 -0.002667453 -0.058711059 -0.004663466 0.998260558
1512232605.215606 -0.053104259 -0.004666001 0.282526344 -0.002654009 -0.058703784 -0.003980181 0.998263955
1512232605.472558 -0.061819829 -0.006663849 0.373124003 -0.002454553 -0.056260526 -0.004357249 0.998403609
1512232605.662210 -0.064772822 -0.008014092 0.419198155 -0.002324508 -0.054200295 -0.004216208 0.998518467
1512232605.837591 -0.069132663 -0.009279944 0.479248941 -0.001846675 -0.051058054 -0.004660684 0.998683155
1512232605.986037 -0.073381320 -0.010079673 0.541752040 -0.001243212 -0.047380436 -0.004548582 0.998865783
1512232606.156625 -0.077173889 -0.011266238 0.615211070 -0.001605570 -0.044801805 -0.003753729 0.998987556
1512232606.381545 -0.080323458 -0.012409737 0.676748633 -0.001618753 -0.043548856 -0.004721763 0.999038815
1512232606.622093 -0.084965952 -0.014424659 0.760977983 -0.001500396 -0.045897815 -0.005112051 0.998931944
1512232606.776501 -0.089184195 -0.016509375 0.844761610 -0.000884415 -0.049659085 -0.006016119 0.998747706
1512232607.023524 -0.095362872 -0.018405426 0.928331196 -0.001482210 -0.053278353 -0.005797424 0.998561800
1512232607.176867 -0.098995782 -0.019175073 0.989484191 -0.001646424 -0.053671926 -0.005874845 0.998539984
1512232607.447405 -0.105727263 -0.021234713 1.079008937 -0.002613489 -0.055636004 -0.005618700 0.998431861
1512232607.610792 -0.111520797 -0.020960871 1.143997192 -0.003238544 -0.057252474 -0.006882864 0.998330772
1512232607.808297 -0.116194300 -0.022263646 1.209805727 -0.004133630 -0.057731155 -0.005635391 0.998307705
1512232608.112201 -0.122423783 -0.026071139 1.328779578 -0.003200642 -0.057838194 -0.006192950 0.998301625
1512232608.265516 -0.128340080 -0.028299268 1.403865576 -0.001428834 -0.058307409 -0.006865177 0.998274028
1512232608.520787 -0.135020778 -0.030593500 1.494683385 0.001136212 -0.057670806 -0.005360599 0.998320580
1512232610.456269 0.000000000 0.000000000 0.000000000 0.000000000 0.000000000 0.000000000 1.000000000
1512232610.624493 0.000323795 -0.002446865 0.044613332 -0.000577158 -0.002272364 0.000455803 0.999997139
1512232610.784828 0.000946326 -0.003835982 0.099454068 -0.000462221 -0.005052156 0.000609376 0.999986947
1512232610.975755 0.001532704 -0.007948056 0.150728732 -0.001464550 -0.007708442 0.000503308 0.999969065
1512232611.230862 0.004255591 -0.011231367 0.226243734 -0.001840859 -0.010258744 0.000066539 0.999945700
1512232611.493534 0.005275418 -0.014662965 0.323547304 -0.000680264 -0.012318873 0.000894958 0.999923468
1512232611.743032 0.001114781 -0.016832802 0.400954396 0.000189005 -0.013806948 0.000430743 0.999904573
1512232611.983591 -0.002102907 -0.020606536 0.486478031 -0.000070969 -0.015120449 -0.000615949 0.999885499
1512232612.260761 -0.005404051 -0.021410346 0.566506982 -0.000162755 -0.015753830 -0.000766597 0.999875605
1512232612.502623 -0.004682540 -0.023494124 0.656819105 -0.001030502 -0.011696942 -0.000571744 0.999930918
1512232612.697362 -0.003771070 -0.026400849 0.706916928 -0.000532158 -0.008436455 0.001525395 0.999963105
1512232612.955010 -0.000805437 -0.028429925 0.790579438 -0.002975441 -0.000523221 -0.000596049 0.999995232
1512232613.160117 0.003659107 -0.031165017 0.887709856 -0.003387892 0.007050571 -0.000461496 0.999969304
1512232613.386882 0.009117286 -0.032741114 0.962873518 -0.003704579 0.007713955 -0.000504856 0.999963284
1512232613.544859 0.010117291 -0.034927551 1.021308899 -0.004496940 0.007929138 0.001399770 0.999957502
1512232613.870714 0.019370364 -0.036673479 1.130169153 -0.001968188 0.009007767 -0.001265096 0.999956667
1512232614.050980 0.024715768 -0.038425371 1.203098297 -0.001419697 0.010351275 -0.000743597 0.999945104
1512232614.308580 0.030233342 -0.039684612 1.287085772 -0.000682367 0.010873548 -0.001045636 0.999940097
1512232614.541931 0.034326486 -0.042835161 1.378869414 -0.000634206 0.009278787 -0.002454196 0.999953747
1512232614.780722 0.038956370 -0.043924782 1.459190488 -0.000787444 0.007430867 -0.002270618 0.999969482
1512232614.972044 0.043950170 -0.047952250 1.535199642 -0.000941277 0.006246286 -0.000460314 0.999979913
1512232615.175104 0.046567425 -0.047477074 1.615424037 -0.000440962 0.004099422 -0.004432395 0.999981642
1512232615.392447 0.073634654 -0.055262893 1.660261869 -0.001646164 0.039521057 -0.008188908 0.999183834
1512232615.660897 0.121876001 -0.064987607 1.693765521 -0.003122140 0.085429661 -0.008864722 0.996299863
1512232615.874518 0.162560374 -0.067990445 1.753355145 -0.001980104 0.128299847 -0.007149344 0.991707683
1512232616.178740 0.212824821 -0.078348376 1.785812140 -0.002537958 0.176007718 -0.004268275 0.984376252
1512232616.344043 0.239920646 -0.080532208 1.811197519 -0.002937517 0.200702533 -0.003126377 0.979642808
1512232616.543119 0.270202339 -0.082493946 1.836367726 -0.003107814 0.224622458 -0.001334206 0.974439979
1512232616.722342 0.306821585 -0.085549764 1.866695166 -0.003988055 0.252084136 -0.000149713 0.967697084
1512232616.905798 0.341794431 -0.088679560 1.891140342 -0.005712930 0.279278278 0.001606858 0.960191846
1512232617.091803 0.387793064 -0.090964846 1.921178341 -0.007854868 0.312033832 0.003380138 0.950032473
1512232617.373769 0.435316086 -0.097799994 1.987770438 -0.004207425 0.303397864 0.019849120 0.952647924
1512232617.650453 0.372210145 -0.080690622 1.972513914 -0.001987616 0.245234594 0.018833287 0.969278753
1512232617.720317 0.449969977 -0.091133207 2.121752739 -0.001759235 0.213722169 0.013890890 0.976794124
1512232618.058113 0.441914231 -0.085099317 2.214763165 -0.001638210 0.161263436 0.011301064 0.986845315
1512232618.243408 0.434540272 -0.080902100 2.279570580 -0.001338591 0.124069117 0.009364980 0.992228508
1512232619.433358 0.000000000 0.000000000 0.000000000 0.000000000 0.000000000 0.000000000 1.000000000
1512232619.658890 0.028118148 -0.001244756 0.066323593 -0.001223337 0.037419125 -0.000421184 0.999298811
1512232619.824687 0.051310439 -0.006007020 0.101126842 -0.002001512 0.062993608 0.001254681 0.998011112
1512232619.974699 0.066910252 -0.009515263 0.125501826 -0.003348108 0.084179714 0.005116357 0.996431828
1512232620.228183 0.061218269 -0.011132292 0.197463989 -0.002896895 0.062720791 0.014701497 0.997918606
1512232620.463421 0.028906485 -0.015132188 0.253037512 -0.002617330 0.002989636 0.015211825 0.999876380
1512232620.628396 0.024587415 -0.018478660 0.270421922 -0.003609976 -0.029019365 0.014958444 0.999460399
1512232620.826651 0.007635221 -0.024837077 0.295573294 -0.004290388 -0.065861963 0.013405798 0.997729480
1512232621.098854 -0.002605610 -0.026003771 0.345600426 -0.004210754 -0.092304416 0.007837483 0.995691121
1512232621.264308 0.017204065 -0.028824938 0.406843036 -0.004061115 -0.060939953 0.003439204 0.998127222
1512232622.011700 0.073388569 -0.023027670 0.659370899 -0.001844581 0.062331766 0.002339954 0.998051047
1512232622.186562 0.094047807 -0.024287147 0.699241877 -0.002484646 0.084049977 0.006143204 0.996439517
1512232622.385094 0.107192196 -0.025865244 0.745946407 -0.003542672 0.088395230 0.007641402 0.996049881
1512232622.624191 0.119159900 -0.027607845 0.814301312 -0.003395942 0.094619066 0.007415064 0.995480180
1512232626.635454 0.000000000 0.000000000 0.000000000 0.000000000 0.000000000 0.000000000 1.000000000
1512232626.799145 0.007740603 -0.000153529 0.041999269 -0.000740750 -0.042192910 -0.000455375 0.999109089
1512232626.960135 0.000821681 -0.001029068 0.074498191 -0.002118441 -0.088009946 -0.002674432 0.996113718
1512232627.209367 -0.016105875 0.003417435 0.122201204 -0.000640918 -0.143379673 -0.004403315 0.989657760
1512232627.447969 -0.053329650 0.003489684 0.161899298 -0.001367548 -0.184872136 -0.004054168 0.982753277
1512232627.674924 -0.095564730 0.003502775 0.201895729 -0.000773754 -0.226952210 -0.004264457 0.973896265
1512232627.747456 -0.108014166 0.003276517 0.211826965 -0.000896688 -0.239160195 -0.004775585 0.970967948
1512232628.050418 -0.157092094 0.003204032 0.249721140 -0.000364545 -0.279550374 -0.006703497 0.960107505
1512232628.281204 -0.201416835 0.004343388 0.277656347 -0.000255621 -0.315886825 -0.006088884 0.948777318
1512232628.492202 -0.258263499 0.007247976 0.315456778 -0.000514769 -0.364785701 -0.007286950 0.931062877
1512232628.666892 -0.293286711 0.007096702 0.329918414 -0.000422400 -0.391427547 -0.007574416 0.920177639
1512232628.962265 -0.367598981 0.008117769 0.346989453 0.000321745 -0.442538410 -0.010860170 0.896683693
1512232629.186342 -0.417540938 0.007221469 0.356482416 -0.000642604 -0.478121936 -0.012679180 0.878201723
1512232629.458081 -0.477718741 0.005499036 0.364843160 -0.000854784 -0.519531667 -0.014363409 0.854330003
1512232629.892779 -0.573218703 0.013081614 0.370151877 -0.000987550 -0.581168532 -0.014695987 0.813649893
1512232630.070483 -0.600502789 0.011803713 0.364196897 -0.001242453 -0.601519465 -0.016307877 0.798690677
1512232630.221189 -0.626675785 0.011548156 0.359655380 -0.001935587 -0.618265152 -0.017381467 0.785774946
1512232630.435304 -0.684416354 0.014485146 0.347083151 -0.001049320 -0.651511014 -0.018641777 0.758409321
1512232632.007206 0.000000000 0.000000000 0.000000000 0.000000000 0.000000000 0.000000000 1.000000000
1512232632.239606 -0.009463064 0.001111969 0.044625971 -0.000924528 -0.042833723 -0.000840013 0.999081433
1512232632.406096 -0.027330488 0.001073093 0.078635477 -0.001299735 -0.074524134 -0.001861010 0.997216642
1512232632.574943 -0.046940301 0.001362007 0.103380129 -0.002098073 -0.099356487 -0.003397592 0.995043874
1512232632.838151 -0.072438076 0.000731470 0.132778555 -0.002203133 -0.131440938 -0.002821475 0.991317570
1512232632.995793 -0.099248752 0.000219433 0.155101031 -0.002776042 -0.160104036 -0.003719065 0.987089217
1512232633.184463 -0.129523546 0.001336595 0.183783948 -0.003860764 -0.190827832 -0.004930396 0.981603563
1512232633.352274 -0.157674924 0.000899788 0.205864504 -0.003756207 -0.215833679 -0.005154485 0.976409316
1512232634.924975 0.000000000 0.000000000 0.000000000 0.000000000 0.000000000 0.000000000 1.000000000
1512232635.157467 0.004009396 -0.002985667 0.072577335 0.000325953 0.004652842 0.000277193 0.999989092
1512232635.331379 0.006756282 -0.005924844 0.125715345 0.000072996 0.007464922 0.000439584 0.999972045
1512232635.575817 0.011918416 -0.008595328 0.196820259 -0.000426062 0.010288146 -0.000150898 0.999947011
1512232635.733207 0.015687400 -0.011304110 0.257689625 0.000927730 0.012088521 -0.001186529 0.999925792
1512232635.989293 0.020836672 -0.015193684 0.327456683 0.001987754 0.011012922 -0.000344833 0.999937296
1512232636.171768 0.025004307 -0.018384662 0.375186950 0.001162407 0.009913905 0.001272060 0.999949396
1512232636.420460 0.027252007 -0.020979328 0.453319520 0.000145113 0.008612380 0.000879147 0.999962509
1512232636.602216 0.029255871 -0.022855366 0.517095745 0.000254576 0.006495129 -0.000256762 0.999978840
1512232636.766682 0.030340988 -0.023533896 0.558602035 0.000413003 0.004680990 -0.000638825 0.999988735
1512232637.021498 0.030006453 -0.027233930 0.643447995 -0.000401424 0.001480151 0.001134936 0.999998212
1512232637.244058 0.031498384 -0.028251106 0.721726418 -0.000332150 -0.001533231 0.000768387 0.999998450
1512232637.389791 0.031329107 -0.030361151 0.778325081 -0.000588719 -0.002022689 0.000054102 0.999997795
1512232637.653217 0.031868223 -0.033142082 0.853883207 -0.000342337 -0.001517552 -0.000560857 0.999998629
1512232637.858413 0.032435425 -0.034491453 0.899495125 0.000472095 -0.001128206 0.000513911 0.999999106
1512232638.074063 0.032667525 -0.036059584 0.955395222 0.000203214 -0.000933669 0.000514709 0.999999404
1512232638.407671 0.035695113 -0.039202459 1.092046022 -0.000231855 0.004425346 -0.001005154 0.999989688
1512232638.543971 0.039610557 -0.041536182 1.159958839 0.000638454 0.009172766 -0.001068339 0.999957144
1512232638.796467 0.042748816 -0.044527527 1.248509169 0.000816052 0.012462270 -0.000522383 0.999921858
1512232639.008996 0.046786584 -0.045741111 1.320511699 0.000534208 0.012822798 -0.000222390 0.999917626
1512232639.187713 0.051230583 -0.046996087 1.391393781 0.000034257 0.015485966 -0.000983127 0.999879599
1512232639.447903 0.057679668 -0.048721440 1.463722110 -0.000014986 0.016626647 -0.000572736 0.999861598
1512232639.621405 0.062794380 -0.050657727 1.522805929 -0.000043923 0.019123817 0.000122057 0.999817073
1512232639.802112 0.068214014 -0.052347213 1.591716170 -0.000836845 0.022884198 0.000633244 0.999737561
1512232639.974096 0.072634280 -0.053354852 1.649545908 -0.000143317 0.024276083 -0.000514188 0.999705136
1512232640.215633 0.076738648 -0.057075061 1.732231498 0.001209035 0.021377338 -0.002053459 0.999768615
1512232640.370469 0.081777215 -0.055614598 1.795615077 0.000209573 0.019416148 0.000370705 0.999811411
1512232640.605427 0.111337908 -0.054440025 1.835229993 -0.000855786 0.056437686 -0.003259746 0.998400390
1512232640.850900 0.168389216 -0.060554177 1.887886405 -0.003914669 0.110377513 -0.003268880 0.993876636
1512232641.019595 0.194926769 -0.062990479 1.907780886 -0.004886149 0.136611789 -0.001855645 0.990610838
1512232641.189423 0.225709409 -0.071031012 1.934071660 -0.006227822 0.164270014 0.003600862 0.986389160
1512232641.369555 0.247258425 -0.073228449 1.985936880 -0.005720844 0.167077094 0.004750835 0.985915780
1512232641.618425 0.279467702 -0.074794486 2.061609268 -0.005847390 0.171981305 0.005726208 0.985066175
1512232641.861477 0.326584965 -0.073629446 2.169701338 -0.007197821 0.179229632 0.003885172 0.983773291
1512232641.941835 0.338579863 -0.073560849 2.195333958 -0.007053023 0.181175902 0.003846777 0.983417869
1512232642.111007 0.360257775 -0.075100824 2.241768599 -0.007494822 0.185098633 0.004397180 0.982681572
1512232642.534309 0.373243093 -0.083358034 2.335558891 -0.007636079 0.200151712 0.006259565 0.979715168
1512232642.676024 0.409863949 -0.078107253 2.410653114 -0.005542085 0.205308467 0.003758352 0.978674412
1512232642.883998 0.457757175 -0.089557827 2.501719236 -0.005709670 0.214951023 0.005498372 0.976592660
1512232643.124938 0.489102662 -0.089513667 2.524824619 -0.005802780 0.219696492 0.006401845 0.975530028
1512232643.379676 0.514485121 -0.086348176 2.565761566 -0.005797286 0.226450905 0.003312315 0.973999679
1512232643.524202 0.554356396 -0.096876599 2.627089739 -0.006248687 0.232170016 0.007667534 0.972624898
1512232643.615909 0.549299479 -0.091309570 2.642035246 -0.004335240 0.236893311 0.009267544 0.971481800
1512232643.788907 0.568623066 -0.086933225 2.682620525 -0.003779311 0.243759170 0.007491506 0.969799519
1512232645.003526 0.000000000 0.000000000 0.000000000 0.000000000 0.000000000 0.000000000 1.000000000
1512232645.281414 -0.010234402 -0.004091970 0.091212891 -0.002525407 -0.022672329 -0.013385819 0.999650121
1512232645.425236 0.012186847 -0.006967680 0.137069657 -0.002590949 0.005765258 -0.012925143 0.999896467
1512232645.589921 0.026819006 -0.011254546 0.167742386 -0.002926691 0.033216830 -0.012771606 0.999362290
1512232645.760595 0.057336874 -0.009139264 0.209456563 -0.001876642 0.056640752 -0.011828640 0.998322785
1512232645.922929 0.086403355 -0.013754519 0.257141680 -0.002777120 0.099222936 -0.012637200 0.994981110
1512232646.172707 0.127642006 -0.016773680 0.311242223 -0.001919231 0.141501829 -0.010378094 0.989881754
1512232646.396026 0.135106981 -0.021637756 0.343748987 -0.000828890 0.141321257 -0.001074516 0.989962876
1512232646.602923 0.119839311 -0.023893524 0.407308221 0.001859697 0.095274992 0.001848630 0.995447516
1512232646.956810 0.103325471 -0.030746903 0.457980096 -0.001862389 0.037339792 -0.003067880 0.999296188
1512232647.124183 0.107582837 -0.032276679 0.495646924 -0.003506683 0.036077492 -0.004053772 0.999334633
1512232647.383849 0.113908604 -0.032271463 0.576694906 -0.002750795 0.032872595 -0.004091360 0.999447405
1512232647.597162 0.120810866 -0.035529815 0.655728698 -0.003223314 0.033248127 -0.005211020 0.999428332
1512232647.765683 0.126184866 -0.035908192 0.706552744 -0.002288989 0.035999101 -0.005584492 0.999333620
1512232648.006620 0.135310039 -0.037289795 0.779730260 -0.001750712 0.040661011 -0.005377942 0.999157012
1512232648.279224 0.144585818 -0.038385652 0.855030119 -0.002242571 0.045485031 -0.005430673 0.998947740
1512232648.545050 0.151891887 -0.040474907 0.926392794 -0.002224835 0.040699184 -0.001691233 0.999167562
1512232648.725360 0.182552516 -0.058838770 0.954699934 -0.006714924 -0.023125330 0.000236395 0.999710023
1512232651.983805 0.000000000 0.000000000 0.000000000 0.000000000 0.000000000 0.000000000 1.000000000
1512232652.208908 0.002800303 -0.002362098 0.086480156 -0.001343910 0.000042087 0.000190050 0.999999046
1512232652.436339 0.003781092 -0.004929811 0.161969900 -0.001507223 -0.000048556 -0.000201039 0.999998868
1512232652.580615 0.003743498 -0.006614746 0.205475435 -0.002286430 -0.000795220 -0.000735022 0.999996781
1512232652.855124 -0.000593978 -0.010561384 0.275075942 -0.001560279 -0.012307863 0.004605276 0.999912441
1512232653.021017 -0.024572067 -0.009170322 0.317359537 0.000641964 -0.046308555 0.004815316 0.998915374
1512232653.302666 -0.071281210 -0.011994214 0.371312261 0.000613580 -0.110787511 0.003919913 0.993836224
1512232653.514249 -0.096283019 -0.010928694 0.451253057 -0.000118672 -0.120629832 -0.003648133 0.992690861
1512232653.676785 -0.113705158 -0.010979728 0.518101454 -0.000114724 -0.124659479 -0.004659940 0.992188632
1512232653.945255 -0.130487010 -0.012362613 0.583749771 -0.000461244 -0.128144488 -0.004338121 0.991745889
1512232654.196760 -0.155467123 -0.013784911 0.673034489 -0.000768437 -0.131190181 -0.004431605 0.991347015
1512232654.357952 -0.170207217 -0.015425101 0.720081687 -0.000777776 -0.132933721 -0.005575732 0.991108954
1512232654.594326 -0.196811527 -0.016538456 0.812403500 -0.001815609 -0.133606747 -0.005909269 0.991015136
1512232654.784881 -0.210894987 -0.016317217 0.862355471 -0.001687282 -0.133510828 -0.006402584 0.991025209
1512232655.042909 -0.231970772 -0.019389633 0.953132153 -0.002350695 -0.127696514 -0.005252643 0.991796613
1512232655.298481 -0.250606239 -0.022039829 1.049126148 -0.002567258 -0.118330203 -0.005176673 0.992957473
1512232655.529192 -0.271331251 -0.023107257 1.151257038 -0.001816360 -0.110296182 -0.005673581 0.993880928
1512232655.733288 -0.285228193 -0.025498655 1.236137509 -0.002158358 -0.105243191 -0.005129211 0.994430959
1512232656.055484 -0.302453637 -0.026723184 1.346208215 -0.002419882 -0.105764098 -0.005115351 0.994375169
1512232656.206475 -0.310479105 -0.027971877 1.390420079 -0.002691852 -0.105928525 -0.005384034 0.994355500
1512232656.442142 -0.323545754 -0.029730577 1.468767285 -0.002879023 -0.106843837 -0.005598824 0.994255900
1512232656.720899 -0.341300696 -0.031605255 1.581984878 -0.001188018 -0.104418889 -0.006521318 0.994511306
1512232656.810994 -0.341972351 -0.031374134 1.608238697 -0.000985949 -0.104453146 -0.005906264 0.994511783
1512232657.045140 -0.353257179 -0.032246161 1.676471710 -0.001171936 -0.104224414 -0.005907776 0.994535565
1512232657.226558 -0.361708373 -0.032234326 1.732902765 -0.001121187 -0.103016749 -0.006772059 0.994655967
1512232657.487792 -0.369015872 -0.033506691 1.797322631 -0.001783382 -0.100786768 -0.006915354 0.994882405
1512232657.675713 -0.379710972 -0.034442887 1.872378826 -0.001613157 -0.099800684 -0.006092878 0.994987488
1512232657.879541 -0.389727026 -0.035332043 1.941587567 -0.002741156 -0.099062249 -0.005938597 0.995059729
1512232658.149227 -0.404383779 -0.037347108 2.033358335 -0.002877010 -0.100450151 -0.006720126 0.994915247
1512232658.314041 -0.416548371 -0.039059535 2.107379913 -0.001756890 -0.102507502 -0.005984864 0.994712651
1512232658.535061 -0.429513901 -0.043167777 2.195113420 -0.000918233 -0.104563251 -0.005386904 0.994503200
1512232658.779320 -0.444121391 -0.044901792 2.281640530 0.000499091 -0.106339887 -0.006549715 0.994308114
1512232658.919264 -0.455498695 -0.046151463 2.336976290 0.001163906 -0.106028281 -0.006971561 0.994337976
1512232659.159575 -0.470430553 -0.046119571 2.421225548 0.001462084 -0.106352001 -0.006712313 0.994304776
1512232659.417985 -0.485383689 -0.047976825 2.504157782 0.000097780 -0.107738972 -0.007213118 0.994153023
1512232659.607454 -0.496965915 -0.048742358 2.551127672 -0.000788736 -0.108495988 -0.008412020 0.994060993
1512232659.688864 -0.503311515 -0.048707638 2.576779366 -0.000995301 -0.109241255 -0.008881684 0.993975103
1512232659.975335 -0.539033651 -0.062209502 2.633315325 -0.006014234 -0.176623523 -0.002605618 0.984256625
1512232661.482481 0.000000000 0.000000000 0.000000000 0.000000000 0.000000000 0.000000000 1.000000000
1512232661.643564 -0.023493204 -0.003797651 0.031490628 -0.001124515 -0.031736057 0.000269584 0.999495566
1512232661.875152 -0.050580673 -0.008235422 0.072072789 -0.002682784 -0.078363657 0.000322354 0.996921182
1512232662.091859 -0.097922474 -0.004758320 0.128912702 -0.001912906 -0.124513708 -0.001409330 0.992215037
1512232662.217930 -0.114879280 -0.005888261 0.148270667 -0.002143073 -0.144615352 -0.000794612 0.989485323
1512232662.478943 -0.139229298 -0.007791600 0.173783764 -0.003051468 -0.177717566 -0.000298419 0.984076738
1512232662.662098 -0.153081149 -0.013049746 0.184972525 -0.004779001 -0.204602256 -0.000283000 0.978833497
1512232664.268772 0.000000000 0.000000000 0.000000000 0.000000000 0.000000000 0.000000000 1.000000000
1512232664.517969 -0.017688151 0.001390272 0.037045345 -0.000606488 -0.029035598 -0.000351123 0.999578118
1512232664.676142 -0.035130814 -0.001736832 0.064596415 -0.002737582 -0.055065796 -0.001325437 0.998478115
1512232664.834434 -0.053523455 -0.002924778 0.091207184 -0.003597029 -0.077426411 -0.001199344 0.996990860
1512232664.995407 -0.071458116 -0.001126987 0.121392392 -0.002104430 -0.099384569 -0.002456610 0.995043814
1512232665.233283 -0.103749692 -0.000779661 0.160507053 -0.002861586 -0.136602134 -0.004434177 0.990611911
1512232666.593547 0.000000000 0.000000000 0.000000000 0.000000000 0.000000000 0.000000000 1.000000000
1512232666.749279 0.001106239 -0.001096006 0.038293660 -0.000217984 -0.003676190 0.000379055 0.999993145
1512232666.969806 0.000555508 -0.001601019 0.100313157 -0.001164306 -0.007489996 0.001015879 0.999970734
1512232667.140681 0.001603738 -0.002680552 0.152294680 -0.001461141 -0.010028058 0.000974930 0.999948144
1512232667.376744 0.001378078 -0.004876937 0.244554028 -0.001408935 -0.011957720 0.000999815 0.999926984
1512232667.584499 -0.001907154 -0.005854766 0.357256830 -0.001518685 -0.010795770 0.001372332 0.999939620
1512232667.732215 -0.001033461 -0.006361363 0.391469061 -0.001732156 -0.009767617 0.001928236 0.999948978
1512232668.005862 -0.000853360 -0.007649898 0.450897962 -0.002698851 -0.008050228 0.002004167 0.999961913
1512232668.320946 0.002085772 -0.012033602 0.570144415 -0.001705738 -0.003930036 0.002547458 0.999987602
1512232668.535146 0.005874654 -0.013099764 0.658866167 -0.000831312 0.003048914 0.002469262 0.999991953
1512232668.754821 0.011658919 -0.014201669 0.746270716 -0.001007511 0.007638218 0.003003338 0.999965787
1512232669.008519 0.017029459 -0.015528123 0.833563507 -0.001975538 0.011540201 0.001477496 0.999930382
1512232669.191966 0.020523086 -0.017116526 0.880224705 -0.001809063 0.011807982 0.000950777 0.999928176
1512232669.476712 0.028491816 -0.019300243 1.008504987 -0.001417800 0.008739484 -0.002555959 0.999957502
1512232669.721390 0.035137787 -0.020345233 1.090433121 -0.003298469 0.009650278 -0.001830148 0.999946296
1512232669.934961 0.041416150 -0.021600235 1.170426846 -0.003352512 0.012643279 -0.002708485 0.999910772
1512232670.147729 0.048831284 -0.023141650 1.239574671 -0.002797198 0.015616504 -0.001683607 0.999872744
1512232670.422814 0.057225794 -0.024776477 1.318042636 -0.003573271 0.020258123 -0.002764468 0.999784589
1512232670.706526 0.067743316 -0.028082257 1.424981117 -0.002085367 0.024620861 -0.000451337 0.999694586
1512232670.926546 0.078285955 -0.028307091 1.509520531 -0.000701390 0.024778459 -0.003261549 0.999687433
1512232671.164644 0.086738519 -0.030083228 1.576848388 0.001165537 0.024613954 -0.001120385 0.999695718
1512232671.377512 0.095465988 -0.032742325 1.656502604 0.000509064 0.024617698 -0.001272797 0.999696016
1512232671.553042 0.100948863 -0.034222331 1.713184595 0.000217365 0.024597380 -0.000595442 0.999697268
1512232671.769169 0.106714889 -0.035897858 1.783625960 0.000622652 0.024473637 -0.002770548 0.999696434
1512232671.899063 0.112585016 -0.038307626 1.843679190 0.001388380 0.024252918 -0.003686950 0.999698102
1512232672.135061 0.119906984 -0.039468601 1.926711559 0.000373479 0.025006214 -0.005030569 0.999674559
1512232672.349274 0.129031628 -0.041514773 2.006119728 -0.000821964 0.026854189 -0.004745594 0.999627769
1512232672.583115 0.136516213 -0.042540133 2.073911428 -0.000554609 0.029787345 -0.004542227 0.999545753
1512232672.724451 0.141922176 -0.044202790 2.118733168 0.000037344 0.032228779 -0.004907561 0.999468505
1512232672.878679 0.148904726 -0.047638804 2.171856642 0.000337716 0.033327017 -0.004653278 0.999433637
1512232673.055480 0.153154269 -0.048823740 2.218830824 0.000035794 0.032662209 -0.004738057 0.999455214
1512232673.218170 0.158293024 -0.049293835 2.281047106 -0.000216738 0.030968972 -0.004947774 0.999508083
1512232673.306649 0.160787910 -0.049507640 2.305124044 -0.000647143 0.030387014 -0.004652143 0.999527156
1512232673.389507 0.164147809 -0.050101403 2.343640089 -0.000627556 0.029376101 -0.004165937 0.999559522
1512232673.978216 0.172798023 -0.054625209 2.519639492 -0.000813910 0.029387202 -0.003786377 0.999560654
1512232674.133060 0.178884163 -0.057029463 2.585520506 -0.000675565 0.031618759 -0.003526064 0.999493539
1512232674.324728 0.183697015 -0.059205960 2.641603708 -0.000835366 0.032781385 -0.003811177 0.999454916
1512232674.405357 0.184231475 -0.060558721 2.667557240 -0.000573598 0.033675153 -0.004103922 0.999424219
1512232674.601227 0.190001220 -0.062158596 2.732484818 0.000400139 0.034375198 -0.004346997 0.999399483
1512232674.780532 0.196540013 -0.062864460 2.792092323 0.001977260 0.036472388 -0.003628970 0.999326110
1512232674.856083 0.192507610 -0.065201283 2.812067509 0.001466176 0.038307332 -0.003465726 0.999258935
1512232675.043368 0.200549006 -0.066134363 2.886492729 -0.000280624 0.042456001 -0.003061430 0.999093592
1512232675.187196 0.205756336 -0.065847136 2.952445269 -0.000833612 0.047263570 -0.003794128 0.998874903
1512232675.353026 0.212980181 -0.059316289 3.041651964 -0.000212070 0.050167598 -0.006063397 0.998722374
1512232675.455736 0.224033117 -0.066745184 3.047610521 -0.001522976 0.050965372 -0.006083249 0.998680711
1512232675.640378 0.245563239 -0.070668101 3.126762867 -0.000767619 0.050735384 -0.003827307 0.998704493
1512232675.782380 0.252668113 -0.072296850 3.180963039 -0.000718456 0.053888813 -0.003760708 0.998539567
1512232675.937428 0.263076097 -0.074024044 3.247423410 -0.001140373 0.056581900 -0.003547051 0.998391032
1512232676.131981 0.272102088 -0.073889561 3.304515123 -0.001105195 0.056652818 -0.003939611 0.998385549
1512232676.263674 0.278443754 -0.074844018 3.349084854 -0.001396184 0.058831304 -0.005252614 0.998253167
1512232676.450204 0.288458377 -0.077106625 3.402842045 0.000205212 0.062568091 -0.005184207 0.998027205
1512232676.638374 0.300550133 -0.079214677 3.468175411 0.001141081 0.064238161 -0.005510194 0.997918725
1512232676.844056 0.307937622 -0.080244541 3.513404846 0.001249004 0.064581446 -0.005533409 0.997896314
1512232677.012938 0.317548156 -0.081583716 3.568241596 0.001161663 0.063842021 -0.004749237 0.997948050
1512232677.207073 0.329976320 -0.083056755 3.643855810 0.000742761 0.063630424 -0.004663849 0.997962356
1512232677.344584 0.337162495 -0.085368872 3.706885815 0.001796726 0.056615155 -0.000379868 0.998394370
1512232677.659693 0.279630482 -0.092686176 3.769870758 0.002739224 -0.026994739 0.000043920 0.999631822
1512232677.879210 0.260065854 -0.111684635 3.750290394 -0.000948121 -0.097534195 0.000213481 0.995231688
1512232678.124459 0.255973935 -0.118358493 3.771756887 -0.004508383 -0.158208162 -0.003129162 0.987390518
1512232678.217813 0.252631068 -0.120595746 3.787369967 -0.005291838 -0.157976657 -0.003608914 0.987422049
1512232678.530630 0.237725735 -0.121665671 3.834655046 -0.004679134 -0.157873586 -0.003719839 0.987441242
1512232678.820055 0.209970355 -0.124575682 3.918039560 -0.004475735 -0.153081357 -0.003523687 0.988197148
1512232678.989135 0.190263271 -0.125038534 3.978989363 -0.005081646 -0.150163755 -0.003514486 0.988641798
1512232679.251238 0.166075945 -0.126316220 4.060584068 -0.004771044 -0.147431463 -0.004291214 0.989051461
1512232679.387040 0.152816415 -0.127961859 4.108311653 -0.004979573 -0.144632638 -0.003844767 0.989465415
1512232679.681301 0.131615520 -0.129603788 4.194929123 -0.006331649 -0.138157368 -0.003207218 0.990384817
1512232679.923880 0.106829882 -0.130584106 4.250417233 -0.007719364 -0.133960441 -0.001974130 0.990954638
1512232680.237850 0.082411289 -0.137957543 4.368232250 -0.008036088 -0.128358170 -0.002961291 0.991690874
1512232680.465073 0.067773104 -0.135080114 4.471773148 -0.006888096 -0.130235419 -0.002208555 0.991456687
1512232680.636378 0.051627636 -0.132432222 4.540490150 -0.006231375 -0.131189212 -0.003346825 0.991332114
1512232680.856505 0.030279875 -0.132306129 4.626337051 -0.006128866 -0.132969692 -0.003682360 0.991094351
1512232681.072989 0.008283019 -0.131326795 4.713056564 -0.005335832 -0.136085883 -0.004336714 0.990673184
1512232681.325919 -0.007411122 -0.133011386 4.783716202 -0.005703317 -0.136070162 -0.005295325 0.990668654
1512232681.581467 -0.027828097 -0.134098202 4.877730370 -0.006566219 -0.133361608 -0.004472365 0.991035581
1512232681.805504 -0.026166499 -0.137026578 4.943113804 -0.008270494 -0.105473556 -0.010416535 0.994333148
1512232682.035306 -0.009328485 -0.144117773 5.000070572 -0.009884489 -0.053262085 -0.011633943 0.998463869
1512232682.225730 0.042731754 -0.125617087 5.069237232 -0.004233073 -0.010488153 -0.011473860 0.999870181
1512232682.496277 0.075588822 -0.128806949 5.141005993 -0.006480345 0.038798567 -0.011306052 0.999162078
1512232682.745825 0.106857657 -0.135783866 5.179442406 -0.008620976 0.098515287 -0.009322572 0.995054543
1512232683.022569 0.148195148 -0.144400761 5.266331196 -0.007669494 0.136458725 0.000956904 0.990615606
1512232683.192277 0.137942314 -0.148387015 5.297938824 -0.005333745 0.105922662 0.005398681 0.994345427
1512232683.381614 0.130084217 -0.145236522 5.353458405 -0.004055739 0.074105017 0.006599347 0.997220337
1512232683.572601 0.115884751 -0.143588230 5.397094727 -0.003845877 0.036511112 0.005813299 0.999308944
1512232683.750294 0.107608318 -0.146040648 5.429025650 -0.004621118 -0.001939837 0.004656397 0.999976575
1512232683.934377 0.109252751 -0.147739127 5.500307560 -0.005870198 -0.006154863 -0.000193192 0.999963820
1512232684.110183 0.111232892 -0.148006380 5.555711269 -0.005140480 -0.006505657 -0.000614488 0.999965429
1512232684.366187 0.113229409 -0.149444133 5.645529747 -0.005683744 -0.006748846 -0.000744278 0.999960780
1512232684.541493 0.114310697 -0.150622070 5.699017525 -0.006655251 -0.008420707 -0.000459414 0.999942303
1512232684.727268 0.114787579 -0.150800943 5.763398647 -0.006559996 -0.011161268 -0.001355363 0.999915242
1512232684.900990 0.113526076 -0.152870625 5.806640148 -0.006127418 -0.012548469 -0.002096357 0.999900341
1512232685.226085 0.110954568 -0.155069038 5.923855782 -0.003547426 -0.019925747 -0.002265752 0.999792635
1512232685.423193 0.106180578 -0.155521706 6.010622978 -0.003794927 -0.026808441 -0.002848083 0.999629319
1512232685.669239 0.101526648 -0.155803815 6.076211929 -0.004071482 -0.029491313 -0.002949914 0.999552369
1512232685.866052 0.095815063 -0.158229142 6.149406433 -0.003898146 -0.032923397 -0.003344791 0.999444723
1512232686.075861 0.091469735 -0.158793569 6.224340916 -0.003233664 -0.033851799 -0.002599388 0.999418259
1512232686.324351 0.087120771 -0.159750670 6.290935040 -0.003387669 -0.031234680 -0.002908709 0.999502122
1512232686.585068 0.074454546 -0.167986453 6.330927849 -0.005333609 -0.057655152 0.002445308 0.998319328
1512232686.772018 0.053436279 -0.178721502 6.353298664 -0.009142360 -0.096642777 0.001332029 0.995276272
1512232688.662102 0.000000000 0.000000000 0.000000000 0.000000000 0.000000000 0.000000000 1.000000000
1512232688.814876 -0.005124399 0.002650847 0.052798100 0.000512746 -0.051898133 0.000576153 0.998652101
1512232689.000309 -0.026445420 -0.004611277 0.077562258 -0.001722432 -0.086819351 0.000487547 0.996222436
1512232689.174319 -0.044835690 -0.005778430 0.100030079 -0.002341307 -0.110829696 0.000443890 0.993836582
1512232689.350408 -0.065732673 -0.007973395 0.123529099 -0.003767753 -0.141551077 0.000370461 0.989923716
1512232689.621531 -0.112947315 -0.010713174 0.165973917 -0.005088771 -0.189315543 -0.001878588 0.981901348
1512232689.875525 -0.164871514 -0.006772233 0.211070836 -0.003615406 -0.234437451 -0.005177505 0.972110689
1512232690.117024 -0.199324355 -0.009729530 0.231696725 -0.002883528 -0.267049521 -0.006372514 0.963657379
1512232690.362579 -0.245342016 -0.011121623 0.255086035 -0.004242011 -0.311269343 -0.008175774 0.950277090
1512232690.511422 -0.268917620 -0.014022681 0.265547454 -0.006198763 -0.335196435 -0.008594979 0.942088664
1512232690.779017 -0.304553479 -0.016906757 0.278008074 -0.007114313 -0.369262487 -0.010063009 0.929243386
1512232691.047526 -0.342385739 -0.020663874 0.284795076 -0.009471620 -0.408911973 -0.010045021 0.912469387
1512232692.354388 0.000000000 0.000000000 0.000000000 0.000000000 0.000000000 0.000000000 1.000000000
1512232692.593570 -0.014719046 -0.001933752 0.031344306 -0.000210324 -0.031022806 -0.000000896 0.999518692
1512232692.789026 -0.026689501 -0.004400198 0.044913266 -0.001830886 -0.053941023 0.001319099 0.998541594
1512232692.957679 -0.047042694 -0.006899477 0.072528057 -0.003590393 -0.086304173 0.001568086 0.996261120
1512232693.183722 -0.080930173 -0.007061413 0.119040392 -0.004736571 -0.129597947 0.001281191 0.991554499
1512232693.401627 -0.114333302 -0.009870734 0.150191382 -0.006493574 -0.173812449 -0.000179728 0.984757364
1512232693.618055 -0.149429783 -0.010852725 0.180239797 -0.006033114 -0.207807750 -0.003170704 0.978145897
1512232693.867876 -0.171069205 -0.019022319 0.191493258 -0.008626519 -0.251512140 -0.002137735 0.967813313
1512232695.353179 0.000000000 0.000000000 0.000000000 0.000000000 0.000000000 0.000000000 1.000000000
1512232695.579098 0.006002377 -0.003589735 0.090161376 -0.000473126 0.003786750 0.000187970 0.999992669
1512232695.760470 0.008446258 -0.005584381 0.133852348 0.000598266 0.005991283 -0.000147428 0.999981880
1512232695.923646 0.012825688 -0.007773618 0.189291120 -0.000039373 0.009903835 0.000369312 0.999950886
1512232696.084006 0.015645662 -0.009265498 0.234663874 -0.000313468 0.013953549 0.001094787 0.999902010
1512232696.299114 0.022616707 -0.013068330 0.313847601 -0.001257538 0.021020895 0.001378130 0.999777257
1512232696.524360 0.031571124 -0.016446872 0.389048725 -0.001151013 0.023640778 0.001456180 0.999718785
1512232696.769126 0.039141245 -0.018726895 0.454325378 -0.000370872 0.026116153 0.001277454 0.999658048
1512232696.919305 0.045557588 -0.020468196 0.509237647 -0.000320689 0.026462127 0.001456785 0.999648690
1512232697.170995 0.051706471 -0.022160430 0.596452951 -0.001254597 0.020024735 0.002182722 0.999796331
1512232697.417633 0.057019893 -0.023989875 0.672291219 -0.001798268 0.014305079 0.002738572 0.999892294
1512232697.645263 0.020824559 -0.022195091 0.753590941 0.000783574 -0.036578108 0.006633148 0.999308467
1512232697.811547 -0.007425718 -0.025272746 0.783959329 0.000141209 -0.071785785 0.002795862 0.997416139
1512232699.331862 0.000000000 0.000000000 0.000000000 0.000000000 0.000000000 0.000000000 1.000000000
1512232699.579400 0.004760799 -0.002346165 0.079557106 0.000317702 0.003752038 0.000174111 0.999992907
1512232699.746044 0.008976911 -0.004021493 0.147047594 -0.000144744 0.006573693 0.000063047 0.999978364
1512232699.929217 0.012602710 -0.005730614 0.193332568 -0.000642203 0.007954939 0.000161391 0.999968112
1512232700.102324 0.015728086 -0.007801648 0.245875314 -0.001159746 0.008047394 -0.000181090 0.999966919
1512232700.362369 0.022428544 -0.009664001 0.348252147 -0.000599937 0.008048037 0.000825984 0.999967098
1512232700.519867 0.025977859 -0.011292266 0.408341765 -0.000948696 0.008574090 0.000096973 0.999962747
1512232700.831583 0.033446047 -0.015632249 0.523781836 -0.001408995 0.007804240 -0.000280607 0.999968529
1512232701.004910 0.036610220 -0.016085410 0.585353255 -0.001008852 0.007413949 0.001265847 0.999971211
1512232701.295541 0.061833758 -0.024207745 0.627336025 -0.002952497 0.046076432 -0.004761375 0.998922229
1512232701.479071 0.078747109 -0.028110987 0.666216493 -0.004478146 0.081648171 -0.005790220 0.996634305
1512232701.690943 0.133550361 -0.028915707 0.766262531 -0.006538391 0.115268640 -0.001332958 0.993311942
1512232701.911077 0.162204549 -0.030954584 0.854413986 -0.005591966 0.122436740 0.000209159 0.992460549
1512232702.135071 0.183344409 -0.032414734 0.920424402 -0.005251165 0.127438739 -0.000131958 0.991832495
1512232702.339655 0.199210301 -0.032050528 0.966730773 -0.006170415 0.130842760 -0.000336269 0.991383851
1512232702.602823 0.224181443 -0.032803029 1.041596532 -0.008204643 0.136307046 -0.001571868 0.990631402
1512232702.889793 0.263703227 -0.034506306 1.143942356 -0.008227071 0.143648744 -0.001207203 0.989593804
1512232703.060785 0.286567211 -0.035173513 1.204195976 -0.007842016 0.148093075 -0.001284714 0.988941491
1512232703.229028 0.308755159 -0.036517855 1.264672399 -0.006841462 0.151947871 -0.001674092 0.988363385
1512232703.482494 0.351956934 -0.038453780 1.371828794 -0.006149238 0.161825925 -0.001880317 0.986798346
1512232703.664017 0.378403157 -0.041432887 1.426362038 -0.004718109 0.168862283 -0.001337981 0.985627472
1512232703.875643 0.415594101 -0.042760517 1.504848480 -0.003428012 0.178932652 -0.001418058 0.983854353
1512232704.122426 0.459547639 -0.045300957 1.592429757 -0.003147960 0.190107003 -0.002208739 0.981755853
1512232704.278230 0.483237565 -0.046133164 1.637614965 -0.002576087 0.194330305 -0.001820385 0.980931103
1512232704.436458 0.513790786 -0.046505600 1.694121122 -0.001700222 0.199942097 -0.000732232 0.979805946
1512232704.760400 0.569747746 -0.049489737 1.801890016 -0.003058687 0.205903292 0.000518412 0.978567421
1512232704.980992 0.615448534 -0.051413663 1.884981990 -0.004174486 0.204681054 -0.000034366 0.978819788
1512232705.161042 0.647391319 -0.050244331 1.938006163 -0.004124024 0.202688456 -0.000452158 0.979234457
1512232705.423440 0.679145217 -0.051810279 2.001919746 -0.003045371 0.202854663 -0.000865045 0.979203761
1512232705.642607 0.722367406 -0.055486664 2.086827993 -0.001027615 0.203747272 0.000811804 0.979022622
1512232705.911724 0.764577210 -0.057954434 2.171165466 -0.001189487 0.208716244 0.001835770 0.977973819
1512232706.087291 0.790112913 -0.057260018 2.219513655 -0.000483339 0.212146193 0.001594014 0.977236509
1512232706.264318 0.815381527 -0.059713051 2.268230200 0.000419406 0.217848122 0.001098375 0.975981951
1512232706.506670 0.843378127 -0.062287264 2.327306509 0.000661106 0.227037519 0.000656289 0.973885536
1512232706.864170 0.945666432 -0.067053445 2.485321522 0.001971537 0.235775858 0.002551998 0.971802115
1512232708.101639 0.000000000 0.000000000 0.000000000 0.000000000 0.000000000 0.000000000 1.000000000
1512232708.341131 -0.031829111 -0.003093974 0.061349846 0.000956777 -0.039028622 0.006661490 0.999215424
1512232708.420677 -0.048650160 -0.005248191 0.085482292 0.000551120 -0.061816651 0.007197360 0.998061478
1512232708.702231 -0.091648921 -0.005132246 0.148378059 -0.000020620 -0.114767976 0.006000097 0.993374169
1512232708.912960 -0.150579751 -0.008127082 0.212318450 -0.000666115 -0.185024038 0.005027749 0.982720912
1512232709.147979 -0.201172426 -0.003818730 0.266669303 0.001555355 -0.239903718 0.002864233 0.970791221
1512232710.620339 0.000000000 0.000000000 0.000000000 0.000000000 0.000000000 0.000000000 1.000000000
1512232710.773745 0.002880035 -0.003401706 0.043654669 0.006058550 -0.001132608 0.005702122 0.999964714
1512232710.937609 0.002401350 -0.004952790 0.100553550 0.004530966 -0.000770845 0.005672634 0.999973297
1512232711.091802 0.002423063 -0.007082351 0.146214440 0.003465901 -0.000185512 0.006696348 0.999971569
1512232711.275500 0.001908673 -0.009821950 0.206608236 0.003576237 0.000218892 0.007753320 0.999963522
1512232711.520610 0.001752602 -0.012505537 0.302943796 0.003048269 0.000732553 0.007727501 0.999965250
1512232711.774349 0.003351163 -0.015609900 0.389530599 0.001499677 0.001758836 0.009593644 0.999951303
1512232711.983775 0.004418975 -0.019244060 0.485550970 0.000078961 0.005490271 0.010784028 0.999926746
1512232712.210900 0.005583879 -0.026095070 0.566690505 -0.001359962 0.003856673 0.016108073 0.999861896
