1512232501.921149969 0.000000000 0.000000000 0.000000000 -0.000000000 0.000000000
1512232501.921152115 -0.000179209 -0.000061472 -0.000012624 -0.000186711 0.000085373
1512232501.963988066 0.000291562 0.000300991 0.000051043 -0.000368130 0.000070067
1512232502.175266981 0.000565656 0.000279444 0.000043069 -0.000371454 0.000113852
1512232502.253856897 0.000258053 0.000281378 0.000009061 -0.000367010 0.000048540
1512232502.438340902 0.000170402 0.000273797 -0.000005836 -0.000395888 0.000051281
1512232502.566689968 0.000330377 0.000180862 0.000004624 -0.000301544 -0.000078867
1512232502.640438080 0.000000000 0.000000000 0.000000000 -0.000000000 0.000000000
1512232502.876872063 -0.000429963 -0.000151172 -0.000094450 0.000100300 -0.000089215
1512232503.015976906 -0.000031096 0.000036006 -0.000075074 -0.000052110 0.000058766
1512232503.224581957 -0.000266153 -0.000082095 -0.000073268 0.000038198 0.000002851
1512232503.432090044 -0.000145539 -0.000111524 -0.000003398 0.000068716 -0.000104076
1512232503.579174995 -0.000320681 -0.000240250 -0.000083707 0.000059456 -0.000093154
1512232503.739550114 0.000052428 0.000088001 -0.000041528 0.000036660 0.000089061
1512232503.864459991 -0.000121311 -0.000028953 -0.000051639 0.000030833 0.000035789
1512232504.023442984 -0.000058413 0.000033673 -0.000068719 0.000015322 0.000125623
1512232504.094264984 -0.000175612 0.000002484 -0.000082501 0.000074246 0.000199023
1512232504.258774042 -0.000066901 0.000010284 -0.000019941 0.000062164 0.000026629
1512232504.429080963 0.000014016 0.000098804 -0.000010431 -0.000015132 0.000088244
1512232504.675406933 -0.000132062 -0.000091467 -0.000006441 0.000047820 -0.000056638
1512232504.825968981 -0.000347625 -0.000087072 -0.000107318 0.000101434 0.000074195
1512232504.903832912 -0.000060023 -0.000120588 -0.000117698 0.000109232 -0.000042230
1512232505.141207933 -0.000163727 -0.000037748 -0.000053100 0.000116479 0.000033117
1512232505.253123045 -0.000130150 -0.000039176 -0.000060197 0.000038906 0.000066831
1512232505.398715973 -0.000070932 0.000027932 -0.000074146 0.000028241 0.000126613
1512232505.529927969 -0.000134654 -0.000081219 0.000007004 0.000063820 0.000006078
1512232505.739351034 0.000104847 0.000075671 -0.000063716 0.000001666 0.000011266
1512232505.941451073 -0.000103465 -0.000001215 -0.000087186 0.000008778 0.000088590
1512232506.166965961 -0.000327820 -0.000085366 -0.000062383 0.000015765 0.000106254
1512232506.309542894 -0.000013111 -0.000012616 -0.000078989 0.000021347 -0.000126373
1512232506.430510998 -0.000032127 -0.000005582 -0.000024258 0.000045532 -0.000014297
1512232506.592880011 -0.000099823 -0.000036403 0.000000414 -0.000003106 -0.000065346
1512232506.789117098 -0.000174037 -0.000105989 -0.000075263 0.000085747 -0.000080651
1512232506.936558008 -0.000002595 -0.000018240 -0.000050954 0.000001230 0.000089446
1512232506.994105101 0.000009786 0.000008202 0.000008699 0.000014588 -0.000098620
1512232507.240499020 -0.000098071 -0.000074779 -0.000079682 0.000000339 -0.000085026
1512232507.423924923 -0.000175852 -0.000030861 -0.000124756 -0.000019905 0.000247651
1512232507.578928947 -0.000057807 0.000008778 -0.000015978 0.000056015 -0.000130282
1512232507.704551935 -0.000094212 0.000017222 -0.000101529 0.000009440 0.000200998
1512232507.882764101 -0.000117937 0.000070491 -0.000030910 0.000021038 0.000029306
1512232508.052604914 0.000010735 0.000156383 0.000011630 -0.000015284 0.000025748
1512232508.191093922 -0.000115277 -0.000006056 -0.000062958 0.000068527 0.000105906
1512232508.414701939 -0.000086130 -0.000048505 -0.000087894 0.000041974 -0.000007016
1512232508.566039085 -0.000057506 0.000058185 -0.000099888 0.000002108 0.000204380
1512232508.679543972 -0.000116440 -0.000034603 -0.000128801 0.000032662 0.000181396
1512232508.832079887 -0.000010966 0.000086284 -0.000086906 -0.000050616 0.000230498
1512232509.009768963 -0.000012270 -0.000032140 -0.000009572 -0.000003789 -0.000116634
1512232509.216346025 -0.000090926 0.000026606 -0.000082585 -0.000028925 0.000065699
1512232509.359643936 0.000296028 0.000251445 -0.000013810 -0.000073322 -0.000005891
1512232509.535151005 -0.000204111 -0.000028093 -0.000082603 0.000052244 0.000185280
1512232509.627305984 -0.000225709 -0.000027469 -0.000099201 0.000053810 0.000170073
1512232509.838521004 0.000040067 0.000064435 -0.000085280 -0.000042213 0.000114806
1512232509.986139059 -0.000056700 0.000050414 -0.000053028 0.000054076 0.000165247
1512232510.143627882 -0.000065137 -0.000061959 -0.000029531 0.000061992 0.000030323
1512232510.281316996 0.000072570 0.000097241 -0.000049593 -0.000049375 0.000114161
1512232510.502650023 -0.000107523 -0.000103505 -0.000052681 0.000110583 -0.000120021
1512232510.647620916 -0.000136687 -0.000003707 0.000009312 -0.000002108 -0.000050264
1512232510.832469940 -0.000109470 -0.000037463 -0.000070108 0.000067508 -0.000053618
1512232511.033953905 -0.000122133 0.000033960 -0.000037283 -0.000017447 0.000140678
1512232511.173484087 -0.000055233 -0.000035845 0.000022987 0.000061627 -0.000043709
1512232511.345474005 -0.000096697 0.000123479 -0.000020648 -0.000018092 0.000044986
1512232511.483266115 0.000004720 -0.000004776 -0.000000609 0.000037748 -0.000035198
1512232511.665067911 0.000014334 0.000040137 -0.000052233 -0.000050859 -0.000044441
1512232511.849380970 0.000009956 0.000044506 -0.000113110 0.000026202 0.000038135
1512232511.997056961 -0.000028097 -0.000054801 -0.000051984 0.000077153 -0.000041712
1512232512.138816118 -0.000252288 0.000003565 -0.000121910 -0.000000351 0.000118424
1512232512.290404081 -0.000033712 -0.000009626 -0.000105744 0.000009571 -0.000018399
1512232512.499984026 -0.000150235 -0.000011549 -0.000127788 0.000052636 -0.000001245
1512232512.627044916 -0.000129960 -0.000093418 -0.000029161 0.000017039 0.000063024
1512232512.782757998 -0.000031226 -0.000009131 -0.000075788 0.000017238 0.000056585
1512232512.870534897 -0.000251075 -0.000087346 -0.000032362 0.000023155 0.000180234
1512232513.118438959 -0.000195692 -0.000035448 -0.000028527 0.000064498 0.000141167
1512232513.296684027 -0.000014593 -0.000002568 0.000004525 0.000033690 -0.000042886
1512232513.469295025 -0.000043280 -0.000013679 -0.000052136 0.000027580 0.000147563
1512232513.695390940 -0.000041774 0.000001242 -0.000113239 -0.000045777 -0.000023573
1512232513.847546101 0.000021541 -0.000004407 -0.000016891 0.000069785 -0.000075435
1512232514.010072947 -0.000072019 0.000041701 -0.000111523 -0.000009383 0.000131271
1512232514.214189053 -0.000238439 -0.000123291 -0.000028492 0.000111229 -0.000042588
1512232514.371121883 -0.000177082 0.000019249 -0.000134323 0.000053839 0.000111410
1512232514.564430952 0.000216808 0.000077838 -0.000062307 -0.000022366 0.000052859
1512232514.698517084 0.000028567 0.000007734 -0.000028843 0.000049556 -0.000104115
1512232514.899236917 -0.000059395 -0.000010163 -0.000071028 0.000034950 -0.000005643
1512232515.023015976 -0.000147443 -0.000096849 -0.000079956 0.000092557 -0.000216004
1512232515.217317104 -0.000022164 -0.000001048 -0.000059250 0.000049248 -0.000007637
1512232515.399650097 -0.000054540 -0.000050067 0.000027539 0.000066662 0.000030411
1512232515.567445993 -0.000150197 -0.000006819 0.000003700 0.000000466 -0.000008622
1512232515.749177933 0.000069382 0.000041465 -0.000057721 0.000006363 0.000186242
1512232515.917429924 -0.000245315 -0.000137097 -0.000098068 0.000070875 -0.000066979
1512232515.984477997 -0.000124064 -0.000073143 -0.000117727 0.000052831 0.000044605
1512232516.148322105 -0.000082747 0.000035068 -0.000171639 0.000007287 0.000202695
1512232516.230875015 -0.000047132 0.000087873 -0.000097388 -0.000003452 0.000251878
1512232516.417673111 0.000080311 0.000056237 -0.000102104 0.000012414 -0.000069371
1512232516.589178085 0.000045756 0.000006475 -0.000055463 0.000111604 -0.000012771
1512232516.804872990 -0.000193169 -0.000105104 -0.000041866 0.000087026 0.000084784
1512232516.947375059 -0.000010448 -0.000021712 -0.000090645 0.000058656 0.000093769
1512232517.119028091 -0.000097885 -0.000023600 -0.000058392 0.000024460 0.000015769
1512232517.306698084 -0.000131727 -0.000025448 -0.000120495 0.000018271 0.000122301
1512232517.436867952 -0.000138390 -0.000033477 -0.000084754 0.000044062 0.000104496
1512232517.510546923 -0.000004394 0.000012999 -0.000084941 0.000024736 0.000084111
1512232517.752046108 -0.000237180 -0.000080513 -0.000071694 0.000120188 0.000162980
1512232517.922152042 0.000013550 0.000013506 -0.000028176 0.000014143 0.000056272
1512232518.043420076 -0.000080023 -0.000147652 -0.000125689 0.000139355 -0.000047679
1512232518.229302883 -0.000061616 0.000041220 -0.000088104 0.000045818 -0.000094186
1512232518.445090055 0.000004172 0.000028820 -0.000092435 0.000062368 0.000037763
1512232518.640616894 -0.000014342 0.000036983 -0.000040416 -0.000030248 0.000011983
1512232518.813745022 -0.000098341 -0.000023272 -0.000112112 0.000017803 0.000240577
1512232519.005693913 -0.000110029 0.000032924 -0.000093194 -0.000016494 0.000208927
1512232519.115637064 -0.000046988 0.000049904 -0.000098350 -0.000000056 0.000166894
1512232519.322350025 -0.000068379 0.000050272 0.000000994 -0.000016120 0.000021902
1512232519.501395941 -0.000324057 -0.000086215 -0.000063398 0.000046315 0.000090235
1512232519.643553019 -0.000178990 -0.000049068 -0.000084616 0.000067974 0.000008931
1512232519.779123068 0.000136919 0.000039675 -0.000032375 0.000013020 0.000120112
1512232519.953128099 0.000037477 0.000019983 -0.000109497 -0.000025330 0.000040643
1512232520.097726107 -0.000108908 0.000001637 -0.000181415 0.000019421 0.000118678
1512232520.254383087 -0.000055624 0.000054451 -0.000072707 -0.000011740 0.000163416
1512232520.505244970 -0.000039954 0.000039140 -0.000115966 -0.000093181 0.000048105
1512232520.658767939 -0.000143260 0.000018274 -0.000097405 0.000009113 0.000150572
1512232520.790704012 -0.000221528 -0.000141669 -0.000091287 0.000085869 0.000068330
1512232521.008662939 -0.000039960 0.000073710 -0.000036581 -0.000010114 0.000136110
1512232521.161247969 -0.000029929 -0.000043366 -0.000143396 0.000030067 -0.000007296
1512232521.369101048 -0.000083021 -0.000045931 -0.000035867 0.000045105 -0.000043067
1512232521.534929037 -0.000005989 -0.000001591 -0.000128064 0.000006555 0.000009624
1512232521.619416952 0.000070456 0.000087873 -0.000058483 -0.000050156 0.000059733
1512232521.805219889 -0.000040233 -0.000009868 -0.000043455 0.000074447 0.000138524
1512232521.976382017 0.000117097 0.000057021 -0.000064549 -0.000013748 -0.000073456
1512232522.101130962 -0.000019302 0.000061800 -0.000025099 0.000043290 0.000131427
1512232522.288038015 0.000069125 -0.000029993 -0.000010969 0.000112216 -0.000010147
1512232522.445336103 -0.000099884 0.000082803 -0.000028822 0.000014146 0.000029804
1512232522.585714102 -0.000007501 -0.000024721 -0.000090358 0.000031187 0.000015313
1512232522.792920113 0.000020527 0.000088121 -0.000087362 -0.000000957 0.000125418
1512232522.941611052 -0.000060655 0.000080911 -0.000105598 -0.000025126 0.000159419
1512232523.145401001 -0.000086813 -0.000007425 -0.000058329 -0.000019680 0.000069253
1512232523.321475029 -0.000031899 0.000028871 -0.000131831 -0.000013678 0.000127253
1512232523.503388882 -0.000211761 -0.000099248 -0.000130550 0.000093249 0.000131564
1512232523.628484964 -0.000214670 -0.000032811 -0.000122927 0.000076682 0.000067673
1512232523.865885019 -0.000218498 -0.000081144 -0.000032550 0.000026640 0.000020594
1512232524.036550999 -0.000190400 -0.000038734 -0.000098521 0.000060226 0.000046285
1512232524.175657034 0.002896975 0.000221647 0.000496059 -0.000041838 0.000337414
1512232524.376111031 0.018452989 0.001618128 0.001236091 -0.000263871 0.000839665
1512232524.550163984 0.043998592 0.002226081 0.001310905 0.000889266 0.001297271
1512232524.700958014 0.063988239 0.003854169 0.002003129 0.001246019 0.002912257
1512232525.008562088 0.153934464 0.004608567 0.002744941 -0.002468783 -0.000158871
1512232525.159818888 0.207447007 0.005162587 0.002160209 -0.007319829 -0.001061694
1512232525.417184114 0.295597315 0.004158663 0.001761052 -0.015945437 -0.003963372
1512232525.615416050 0.362555206 0.003475707 0.002603137 -0.021395684 -0.003148008
1512232525.839705944 0.427457243 0.002168269 0.001061415 -0.025812581 -0.005327881
1512232526.063339949 0.493110120 0.000062315 -0.000039558 -0.027400196 -0.004814525
1512232526.341243029 0.590970099 -0.002263382 0.001795798 -0.027572443 -0.003756013
1512232526.613019943 0.657617033 0.012520649 -0.000980953 0.016469103 -0.016261536
1512232526.760184050 0.696729958 0.033101410 -0.002908019 0.072097559 -0.017531487
1512232527.003722906 0.682930171 0.194800109 -0.000183092 0.126965797 -0.020065285
1512232527.194031954 0.712427795 0.218645543 -0.000607711 0.177763052 -0.019788843
1512232527.372313976 0.749621153 0.255339682 -0.000466627 0.239271181 -0.015232656
1512232527.643354893 0.868765354 0.310552597 0.001285440 0.362489306 -0.016417677
1512232527.891148090 0.910866857 0.359614074 -0.000668858 0.455029173 -0.012381760
1512232528.135273933 0.962737739 0.429822981 -0.001866811 0.556441576 -0.006307906
1512232528.384144068 1.035098791 0.479848206 0.000411263 0.671729789 -0.003418335
1512232531.257792950 0.000000000 0.000000000 0.000000000 -0.000000000 0.000000000
1512232531.399822950 0.024665682 -0.015971839 -0.001134484 -0.066613999 0.000300322
1512232531.570632935 0.049376234 -0.035294406 -0.004942605 -0.142583369 0.002772778
1512232531.751239061 0.080359995 -0.058257475 -0.003175798 -0.201332276 0.002573482
1512232531.913089991 0.109661423 -0.080264255 0.002447940 -0.269553894 -0.006476762
1512232532.088150978 0.174520031 -0.101653501 0.008640733 -0.288151364 -0.019242511
1512232532.340579987 0.238169074 -0.120610178 0.010283381 -0.292652591 -0.020941595
1512232532.506942034 0.268059373 -0.128353074 0.010721381 -0.295163980 -0.019811016
1512232532.733098030 0.344529271 -0.150692493 0.010520961 -0.298403496 -0.018336992
1512232532.875560999 0.394045919 -0.166006327 0.010836944 -0.301133960 -0.020715862
1512232533.107486010 0.443016320 -0.195294529 0.002509621 -0.346754334 -0.007691742
1512232533.324731112 0.446041465 -0.224817351 -0.009107733 -0.463454479 -0.008369367
1512232533.530946016 0.469614774 -0.261629879 -0.013714802 -0.563891140 -0.008563226
1512232533.684384108 0.475613415 -0.277281970 -0.017706229 -0.609605729 -0.006280901
1512232533.931900978 0.477478385 -0.295115888 -0.020904109 -0.676365380 -0.007940720
1512232534.148737907 0.492235512 -0.336026222 -0.025853600 -0.744557187 -0.005727118
1512232534.391865015 0.492885709 -0.360127330 -0.030355460 -0.821835739 -0.007113812
1512232534.601641893 0.497024268 -0.382388681 -0.037051937 -0.881405187 -0.004082158
1512232534.856872082 0.503840685 -0.409878224 -0.044892634 -0.947593166 -0.003806993
1512232535.097397089 0.504474163 -0.462744504 -0.060067180 -1.040041901 0.009451308
1512232535.346604109 0.499175251 -0.526838839 -0.069465296 -1.163541638 0.012365045
1512232535.496437073 0.498816103 -0.539189816 -0.073376808 -1.182285322 0.016130204
1512232535.761228085 0.489947170 -0.582531929 -0.080255807 -1.250240504 0.021525694
1512232535.910068035 0.482680380 -0.609310031 -0.096158059 -1.293028507 0.035709239
1512232536.070447922 0.477215409 -0.647364914 -0.106880845 -1.343155093 0.047125261
1512232536.340706110 0.498202831 -0.679119408 -0.195474730 -1.439819965 0.134290583
1512232536.496820927 0.486189365 -0.712564230 -0.334820974 -1.488205483 0.272653321
1512232536.814670086 0.452823967 -0.776481271 -2.206139993 -1.541651019 2.143395059
1512232536.964481115 0.437704444 -0.804819286 -2.815040186 -1.497196009 2.753085686
1512232537.260812998 0.423144907 -0.829303026 -2.975218093 -1.436588653 2.910774206
1512232537.439529896 0.413942307 -0.842567623 -3.002991367 -1.407937895 2.937447098
1512232537.711193085 0.392331541 -0.867971778 -3.046867129 -1.360093728 2.985167489
1512232537.886493921 0.365931332 -0.892853558 -3.078001447 -1.302423712 3.018679666
1512232538.154453993 0.336389989 -0.921747327 -3.102943417 -1.222973750 3.038645270
1512232538.407267094 0.305561692 -0.947765827 -3.123522208 -1.169417525 3.062259730
1512232538.638494015 0.266692579 -0.979326904 -3.136636397 -1.097895331 3.078426330
1512232539.939076900 0.000000000 0.000000000 0.000000000 -0.000000000 0.000000000
1512232540.196634054 0.036738120 -0.018749896 0.000304510 -0.065886837 -0.000967143
1512232540.384723902 0.062939078 -0.033095706 0.001795254 -0.107062907 -0.003178833
1512232540.540673971 0.080084100 -0.043462664 0.000295135 -0.136910481 -0.002462185
1512232540.705714941 0.118778355 -0.046569183 0.001114001 -0.138775148 -0.010807890
1512232540.877686024 0.157298893 -0.049297221 0.000353279 -0.139296820 -0.008585551
1512232541.044689894 0.199481979 -0.052667253 -0.000380369 -0.137975668 -0.008551865
1512232541.286170959 0.270425946 -0.056702234 -0.000722726 -0.135528587 -0.008880078
1512232541.536489010 0.341376215 -0.063372873 -0.003183862 -0.132144910 -0.009169595
1512232541.751071930 0.420170486 -0.070324175 -0.006215788 -0.133007783 -0.010602624
1512232542.106910944 0.507392168 -0.118822865 -0.008858269 -0.245896257 -0.001346876
1512232542.386915922 0.545329511 -0.157109216 -0.010816736 -0.339892715 -0.003825729
1512232542.624805927 0.587975264 -0.202684313 -0.008334748 -0.438092431 -0.012040858
1512232542.763794899 0.637264550 -0.226202980 -0.006905249 -0.447941677 -0.014015932
1512232542.932405949 0.681836128 -0.247028232 -0.007674348 -0.455987149 -0.013136169
1512232543.112421989 0.716446221 -0.264266402 -0.009949761 -0.461333123 -0.011151427
1512232543.374274969 0.778348625 -0.295886576 -0.012011665 -0.466228690 -0.014286528
1512232543.563699007 0.836217284 -0.325013876 -0.010090601 -0.467086403 -0.013545265
1512232543.823914051 0.912475049 -0.361903846 -0.011155629 -0.464606563 -0.011566304
1512232543.977363110 0.963308096 -0.384954363 -0.012535977 -0.461861412 -0.010449860
1512232544.156126022 1.012165189 -0.407739997 -0.013111866 -0.459532123 -0.009606157
1512232544.342421055 1.062594414 -0.429826796 -0.011665184 -0.454830765 -0.010517827
1512232544.495452881 1.116492510 -0.453192383 -0.008386818 -0.445388414 -0.012081520
1512232544.644985914 1.181542397 -0.480410337 -0.008300539 -0.436342022 -0.011500490
1512232544.894510984 1.255374312 -0.510852039 -0.008289870 -0.430185190 -0.013011674
1512232545.142580032 1.327412844 -0.539710760 -0.010939041 -0.425586785 -0.013056904
1512232545.294214010 1.378950477 -0.561079443 -0.010569285 -0.426150459 -0.014669794
1512232545.541407108 1.458100677 -0.595233381 -0.008996904 -0.434175596 -0.016950215
1512232545.687103987 1.499460936 -0.613485694 -0.008098537 -0.439223521 -0.017658128
1512232545.965151072 1.582999468 -0.650099099 -0.009232662 -0.448279814 -0.018571471
1512232546.141530991 1.625445485 -0.669525623 -0.008878381 -0.451070423 -0.019381065
1512232546.464342117 1.728029132 -0.712032199 -0.005951102 -0.442809167 -0.020806955
1512232546.626782894 1.790419340 -0.738319695 -0.003423984 -0.435451224 -0.022838450
1512232546.845164061 1.859824181 -0.764820337 -0.006510603 -0.429726558 -0.022555767
1512232547.079217911 1.949473262 -0.796731830 -0.005900293 -0.424197214 -0.023863052
1512232547.220196009 1.968920588 -0.812737286 -0.004827897 -0.419469612 -0.023806640
1512232547.456564903 2.058920383 -0.850779772 -0.001054143 -0.415963498 -0.025968655
1512232547.620640993 2.107673168 -0.863568723 -0.000707103 -0.416620322 -0.024291675
1512232547.718101978 2.135045052 -0.871622145 0.000068505 -0.416741277 -0.024643924
1512232547.870373011 2.162847281 -0.891925097 0.002536358 -0.414201354 -0.028854074
1512232548.024791956 2.228109837 -0.904691875 -0.001645843 -0.418386763 -0.025467377
1512232548.188304901 2.290346146 -0.929230750 -0.001290708 -0.422637669 -0.025038050
1512232548.360455036 2.329629183 -0.946045995 -0.000879289 -0.425794440 -0.024991467
1512232548.531807899 2.377546072 -0.966571152 0.000542122 -0.429188675 -0.027862680
1512232548.708857059 2.425381422 -0.986364365 -0.001325566 -0.432640605 -0.025928886
1512232548.919770002 2.502181768 -1.019542813 -0.002069869 -0.435955682 -0.026703001
1512232549.155030012 2.573909998 -1.050954223 0.000016860 -0.435591390 -0.025501241
1512232549.411326885 2.639984131 -1.080289364 0.001155430 -0.435054467 -0.024541373
1512232549.648297071 2.722902060 -1.119034290 -0.000744682 -0.437107563 -0.026387051
1512232549.875221014 2.799029112 -1.153885245 -0.002674288 -0.438928324 -0.026136871
1512232549.999480009 2.852341890 -1.177772045 -0.002059942 -0.439228464 -0.025525558
1512232550.260596037 2.922321081 -1.209355474 0.000693601 -0.437589973 -0.025049109
1512232550.494204044 2.984162331 -1.237660170 0.000270170 -0.436708434 -0.026169247
1512232550.748291016 3.053359509 -1.268953443 -0.000230870 -0.434768003 -0.027926796
1512232550.908731937 3.103926897 -1.291783690 -0.000183307 -0.431778933 -0.027861593
1512232551.053647041 3.155431986 -1.313491464 0.000079797 -0.427692206 -0.028631336
1512232551.239254951 3.205432653 -1.333979487 0.000301676 -0.420941466 -0.026707484
1512232551.457664967 3.255445004 -1.355238199 -0.002241476 -0.417239169 -0.028243216
1512232551.727652073 3.337244511 -1.387308359 -0.004494450 -0.404533687 -0.028195914
1512232551.905144930 3.406877995 -1.412407637 -0.005001309 -0.400490198 -0.029217453
1512232553.765450001 0.000000000 0.000000000 0.000000000 -0.000000000 0.000000000
1512232553.920067072 0.027530298 -0.022038605 -0.001160733 -0.088554880 -0.000797026
1512232554.100815058 0.049952671 -0.045168899 -0.001838176 -0.160308879 -0.002248286
1512232554.282680988 0.080360070 -0.072599210 -0.003398690 -0.224114199 -0.002875500
1512232554.444324017 0.117173441 -0.085048020 -0.003638064 -0.235834189 -0.011445731
1512232554.671632051 0.187432498 -0.103855990 -0.004332544 -0.237544855 -0.013233183
1512232554.822602987 0.234888405 -0.115212396 -0.003060445 -0.237178947 -0.011904356
1512232555.022600889 0.275007904 -0.124604017 -0.002190014 -0.233936175 -0.012380493
1512232555.256886005 0.349876225 -0.141584709 -0.001143848 -0.230151025 -0.012278288
1512232555.559879065 0.453192115 -0.161354423 -0.005433169 -0.220760259 -0.011132371
1512232555.766556025 0.527383626 -0.174347043 -0.007052852 -0.211538411 -0.011136105
1512232556.064249039 0.626498282 -0.190739349 -0.007368810 -0.204344432 -0.010700225
1512232556.313141108 0.698599458 -0.203718603 -0.007539409 -0.201640572 -0.010860692
1512232556.474298000 0.743892968 -0.209030107 -0.008430816 -0.201172706 -0.010915551
1512232556.577434063 0.774016142 -0.212740406 -0.010905747 -0.203020430 -0.008694380
1512232556.831000090 0.854314923 -0.229094297 -0.007564076 -0.204409789 -0.010539398
1512232557.116580009 0.981791377 -0.250761211 -0.005729604 -0.214803207 -0.011318361
1512232557.285927057 1.060905814 -0.266447186 -0.006530429 -0.223075674 -0.011684606
1512232557.545839071 1.129232049 -0.280795872 -0.007841150 -0.228674794 -0.009877969
1512232557.692420006 1.174584389 -0.291029245 -0.006301510 -0.230981097 -0.012041999
1512232557.894431114 1.217159748 -0.298182756 -0.007770755 -0.231803380 -0.010088750
1512232558.141948938 1.297420502 -0.314669400 -0.008117851 -0.228267471 -0.013712364
1512232558.374628067 1.403376818 -0.335080147 -0.012602038 -0.221742056 -0.014593341
1512232558.624536991 1.488261580 -0.350356489 -0.012564494 -0.218528700 -0.014225954
1512232558.820770979 1.568761110 -0.364650190 -0.012437960 -0.214437124 -0.013194798
1512232559.048435926 1.652463078 -0.379331559 -0.011884988 -0.213462944 -0.016666644
1512232559.220242977 1.698979139 -0.386459857 -0.012462345 -0.214228059 -0.015506479
1512232559.445039034 1.778093576 -0.399502099 -0.009755983 -0.213904647 -0.014171444
1512232559.647142887 1.863858819 -0.413804919 -0.007051410 -0.212958318 -0.014732980
1512232559.868691921 1.920233607 -0.422427952 -0.005473766 -0.213669034 -0.014773336
1512232560.114552975 1.997962713 -0.434891135 -0.008737711 -0.214400394 -0.016027639
1512232560.461850882 2.058771849 -0.413666934 -0.009216999 -0.111301461 -0.019972590
1512232560.712912083 2.129182577 -0.383448660 -0.010235429 -0.011799670 -0.020251302
1512232560.939537048 2.206288099 -0.352214634 -0.011821819 0.095773109 -0.020835911
1512232561.179281950 2.281795979 -0.302511185 -0.006063281 0.155254223 -0.012830353
1512232561.387361050 2.249070644 -0.380627155 -0.014088980 0.091977077 -0.013123066
1512232562.836437941 0.000000000 0.000000000 0.000000000 -0.000000000 0.000000000
1512232563.067195892 0.018899972 -0.010482309 -0.003871798 -0.065060258 0.000376614
1512232563.132054090 0.025699198 -0.013739168 -0.004865722 -0.084352389 0.001990665
1512232563.322177887 0.048646443 -0.030327685 -0.005314511 -0.134369067 0.002407145
1512232563.575892925 0.079554521 -0.055657357 -0.008563581 -0.189362444 0.000287132
1512232563.832525969 0.113848075 -0.083170474 -0.012096544 -0.254233006 0.002571413
1512232564.037359953 0.143295214 -0.107406929 -0.019499296 -0.333818736 0.012381358
1512232564.245487928 0.162817091 -0.123555325 -0.024266910 -0.413061038 0.011374408
1512232564.400610924 0.179834262 -0.143919140 -0.024834752 -0.448034792 0.010725247
1512232564.680008888 0.198260576 -0.164993033 -0.025766270 -0.493622837 0.012145722
1512232564.769750118 0.205089346 -0.175447434 -0.028030942 -0.512298004 0.014682881
1512232566.194365978 0.000000000 0.000000000 0.000000000 -0.000000000 0.000000000
1512232566.473037958 0.035865910 -0.022724889 -0.000153076 -0.065194269 -0.002060944
1512232566.638561964 0.056097854 -0.036144149 -0.001431562 -0.108059058 -0.002228426
1512232566.792371988 0.093089610 -0.062680051 -0.003025287 -0.174545983 -0.004468405
1512232567.037411928 0.124068409 -0.096037664 -0.003352519 -0.244225450 -0.009602550
1512232567.190247059 0.137657300 -0.111343145 -0.004273233 -0.283658105 -0.009922703
1512232567.343034029 0.184187979 -0.157558054 -0.008000891 -0.380374891 -0.011348406
1512232567.628137112 0.215513974 -0.194026768 -0.007141349 -0.450749341 -0.012799557
1512232567.791408062 0.231113225 -0.218912333 -0.007115473 -0.502652377 -0.013642989
1512232568.071208954 0.238088429 -0.237321436 -0.011192712 -0.564384302 -0.011871233
1512232568.235116959 0.249818385 -0.262576759 -0.014126729 -0.622458545 -0.011334652
1512232569.659219980 0.000000000 0.000000000 0.000000000 -0.000000000 0.000000000
1512232569.896289110 0.031727273 0.001266400 -0.000559645 -0.076796720 -0.002991496
1512232570.120807886 0.064734675 -0.016401492 -0.001511612 -0.153484844 -0.007748746
1512232570.245574951 0.081542343 -0.029361857 -0.001819748 -0.187435606 -0.008766110
1512232570.506026983 0.118121400 -0.059557471 -0.002344654 -0.257038501 -0.008101430
1512232570.660855055 0.138457030 -0.081183478 -0.004196536 -0.304056173 -0.007869736
1512232570.828723907 0.160779178 -0.105469696 -0.003765073 -0.360584273 -0.008125819
1512232571.105871916 0.193574935 -0.145033807 -0.005262227 -0.436971659 -0.008163532
1512232571.352713108 0.249239892 -0.179877847 -0.003301908 -0.464404404 -0.022325638
1512232571.608030081 0.315651804 -0.212514490 -0.004412995 -0.464682458 -0.022591431
1512232571.747606993 0.370408475 -0.233907133 -0.000951943 -0.463573914 -0.025112977
1512232571.908880949 0.400042981 -0.251686692 -0.000182283 -0.463543894 -0.025184479
1512232572.191752911 0.488626748 -0.293848097 0.003077060 -0.459021949 -0.028280748
1512232572.374126911 0.544822276 -0.316454440 0.002533379 -0.453440893 -0.028843465
1512232572.657903910 0.585293770 -0.339142114 0.003663947 -0.445999339 -0.030729778
1512232572.815960884 0.657530904 -0.366147459 0.002955946 -0.443041174 -0.028096014
1512232573.061733007 0.737519383 -0.400639802 0.005461268 -0.439201972 -0.031836837
1512232573.287795067 0.804392040 -0.427491456 0.006766501 -0.436780156 -0.031688843
1512232573.571234941 0.912131965 -0.470649004 0.007813900 -0.437643018 -0.030155681
1512232573.727324963 0.954952955 -0.488241017 0.006023669 -0.438305063 -0.028000287
1512232573.964325905 1.021382928 -0.517584085 0.006505777 -0.441562431 -0.027528283
1512232574.100018978 1.058750272 -0.534529388 0.006212305 -0.443129749 -0.027718872
1512232574.348371983 1.126019716 -0.564336658 0.005893959 -0.445616785 -0.029428378
1512232574.581152916 1.194413066 -0.595397949 0.005892171 -0.450858530 -0.029650801
1512232574.811316967 1.237045407 -0.642205536 0.003855358 -0.504149249 -0.019339015
1512232575.019771099 1.260979414 -0.699330568 0.003965969 -0.621156887 -0.025195359
1512232575.205971956 1.276329398 -0.740821898 0.000795739 -0.703400791 -0.023327728
1512232575.448565006 1.292551875 -0.798527241 0.003535337 -0.796310929 -0.029820152
1512232575.701266050 1.385808229 -0.855169892 0.026412351 -0.727774327 -0.062448602
1512232575.900933027 1.445562959 -0.873394132 0.019775912 -0.637815050 -0.057482201
1512232576.125061035 1.494615436 -0.879646301 0.012135069 -0.561313369 -0.046125792
1512232576.368499994 1.544070601 -0.900004685 0.007998286 -0.541877796 -0.040740090
1512232576.532130003 1.577998638 -0.915342689 0.009004079 -0.527991848 -0.042768089
1512232576.693111897 1.621588826 -0.932849169 0.007043597 -0.509537370 -0.040419967
1512232576.890424013 1.669564128 -0.952303052 0.006544773 -0.491665375 -0.039184397
1512232577.158555031 1.737622619 -0.978133976 0.002679750 -0.473278852 -0.031410686
1512232577.325989962 1.787678242 -0.994201899 0.002461605 -0.462704149 -0.030777958
1512232577.408449888 1.812402964 -1.006061316 0.001604441 -0.456142097 -0.031975990
1512232577.535510063 1.845170498 -1.020145178 -0.003453846 -0.461246968 -0.023685724
1512232577.637804985 1.872779369 -1.030672550 -0.003281158 -0.487367525 -0.017762206
1512232577.835599899 1.918532252 -1.103580236 0.000181598 -0.565073689 -0.019206709
1512232578.008702040 1.960306525 -1.157365322 0.005580138 -0.653206381 -0.036551406
1512232578.303406954 2.032829285 -1.218052745 0.000688533 -0.657899899 -0.028886270
1512232578.446014881 2.115777493 -1.256662250 0.003891257 -0.665340461 -0.032776243
1512232578.592957020 2.147188425 -1.288818717 0.003395881 -0.666858998 -0.032772822
1512232578.732989073 2.192331791 -1.324435949 0.002455154 -0.669772601 -0.033706673
1512232578.885680914 2.235971212 -1.355880499 -0.000017041 -0.671585006 -0.033975200
1512232578.967550039 2.246166229 -1.363384604 0.000254885 -0.672426516 -0.031123676
1512232579.217895985 2.306066751 -1.421009541 -0.003177822 -0.672641574 -0.029466541
1512232579.365997076 2.358911276 -1.461044788 0.001357309 -0.676931084 -0.035873372
1512232579.561903000 2.431752920 -1.519146681 0.004413868 -0.678845513 -0.044033769
1512232581.096946955 0.000000000 0.000000000 0.000000000 -0.000000000 0.000000000
1512232581.419152021 0.070306845 0.054816470 -0.000257725 0.118589828 0.005457846
1512232581.502531052 0.080263279 0.061234500 -0.000259997 0.133231229 0.006669400
1512232581.784158945 0.154119983 0.103996977 0.000005269 0.176220261 0.013682296
1512232581.959230900 0.211066514 0.122336581 0.000452818 0.188994796 0.015929839
1512232582.214958906 0.298338532 0.148332268 -0.000057851 0.195316758 0.016781683
1512232582.394613981 0.353696525 0.162762016 0.000519392 0.190400955 0.017230715
1512232582.664637089 0.442180574 0.185404152 -0.000331299 0.182825461 0.014674220
1512232582.906872034 0.538347483 0.214067727 0.001259502 0.175460526 0.016632816
1512232583.161504984 0.607265949 0.229870334 0.001825966 0.179891969 0.018122785
1512232583.388803005 0.691554964 0.247892857 0.002475180 0.193557526 0.017014515
1512232583.600136042 0.778004229 0.270957470 0.000620493 0.211847655 0.015206416
1512232583.808206081 0.842645228 0.290105432 0.000441765 0.225858780 0.016785017
1512232583.993278980 0.893868029 0.306537151 0.001237151 0.235896581 0.020543443
1512232584.179805994 0.937217712 0.320879519 0.001745380 0.242786785 0.022092350
1512232584.448040009 1.012721896 0.347572446 0.004399074 0.257746950 0.020135691
1512232584.650048971 1.109112144 0.380634278 0.003776407 0.272931736 0.017230045
1512232584.857496977 1.170468569 0.392064512 0.009440622 0.251328161 0.030916055
1512232585.135601997 1.233218670 0.366528571 0.012091079 0.160154287 0.031755293
1512232585.305792093 1.267158628 0.352346599 0.009814268 0.099180772 0.028906614
1512232585.580454111 1.344841599 0.333478540 0.007535767 -0.000449977 0.014920812
1512232585.736509085 1.398252845 0.353550434 0.005256376 0.058287336 0.005630151
1512232585.977478981 1.457945466 0.393405199 0.001676697 0.163104151 0.005923096
1512232586.212927103 1.512675285 0.428246230 0.002939915 0.232149183 0.019890766
1512232586.382448912 1.561339974 0.424823523 0.008981096 0.184881962 0.035596664
1512232586.642441034 1.632939935 0.410633802 0.010135133 0.083140670 0.033005407
1512232586.862581968 1.690426350 0.383113474 0.004948823 -0.020188870 0.033080715
1512232588.443861961 0.000000000 0.000000000 0.000000000 -0.000000000 0.000000000
1512232588.768955946 0.015444562 -0.005163208 0.006390938 -0.068983749 0.010568847
1512232588.949373960 0.053901456 -0.034963429 0.005309528 -0.155886330 0.005076924
1512232589.137109995 0.104889996 -0.077271894 0.003782745 -0.245925606 0.001011693
1512232589.356180906 0.166650847 -0.117300883 0.004899868 -0.315728000 -0.008099850
1512232589.522850037 0.195611104 -0.126083493 0.004741659 -0.317192699 -0.007448289
1512232589.728724003 0.254701465 -0.144110531 0.004446255 -0.315983173 -0.008776386
1512232589.962249994 0.333268672 -0.168959647 0.003262584 -0.312772260 -0.009899890
1512232590.113878012 0.378875583 -0.182435572 0.002168506 -0.310428370 -0.009755016
1512232590.302576065 0.435098797 -0.198965058 0.001436282 -0.307005803 -0.008780886
1512232590.601026058 0.512114525 -0.220500946 0.000544216 -0.303740413 -0.008773259
1512232590.877798080 0.599782228 -0.246449307 0.001980955 -0.304953278 -0.011227268
1512232591.099399090 0.710193396 -0.279195458 0.003432420 -0.311362437 -0.010105146
1512232591.325371981 0.782840431 -0.302323163 0.004149000 -0.324672326 -0.008288574
1512232591.577390909 0.857182264 -0.328128248 0.004690653 -0.338597285 -0.010596278
1512232591.799351931 0.929360509 -0.354601055 0.003832530 -0.351367540 -0.011757836
1512232592.014055967 1.002255917 -0.382953852 0.003217736 -0.364103020 -0.011061789
1512232592.193619013 1.043614745 -0.398964465 0.001634347 -0.369657250 -0.009160992
1512232592.443831921 1.120615840 -0.430193454 0.002699271 -0.374499972 -0.012387504
1512232592.650254965 1.177274227 -0.454396904 0.002437482 -0.375810841 -0.014142129
1512232592.925234079 1.267364979 -0.491897106 0.000094849 -0.377384825 -0.013898144
1512232593.074652910 1.336297274 -0.518714607 -0.001124819 -0.376591137 -0.011822523
1512232593.310172081 1.428730726 -0.553482056 0.001338503 -0.368537095 -0.014136131
1512232593.485573053 1.486462474 -0.573110998 0.001915721 -0.360797384 -0.014620660
1512232593.703722000 1.531983018 -0.588899493 0.001408481 -0.354706642 -0.013994514
1512232593.976193905 1.624749422 -0.620456517 0.002873881 -0.345680588 -0.010308126
1512232594.215722084 1.741683483 -0.659427941 0.003067676 -0.341951208 -0.010990664
1512232594.450614929 1.822797179 -0.686147630 0.001160500 -0.341315236 -0.012444942
1512232594.611408949 1.882115364 -0.704474628 0.000884819 -0.340212667 -0.010696890
1512232594.790255070 1.937481642 -0.724116504 -0.000211971 -0.344248633 -0.004870514
1512232594.979804993 1.958922267 -0.752056062 -0.000669352 -0.420872730 -0.002404649
1512232595.245655060 1.940549612 -0.764163256 -0.004511813 -0.540771379 -0.004787015
1512232596.240278959 2.341360092 -1.052797675 0.012952064 -0.657156288 -0.031958174
1512232596.472151995 2.441443682 -1.115003347 0.018220853 -0.666574054 -0.033424179
1512232596.614576101 2.494602919 -1.154307485 0.017092458 -0.671545688 -0.031887085
1512232596.702338934 2.504639149 -1.168260098 0.023780128 -0.670681876 -0.037012709
1512232596.945473909 2.582690239 -1.208590269 0.022066497 -0.681490685 -0.031738653
1512232597.008754015 2.573731422 -1.213178515 0.022512736 -0.679124175 -0.032631549
1512232597.240834951 2.659604788 -1.266909838 0.031156339 -0.681914641 -0.038582868
1512232597.367770910 2.742385864 -1.322113752 0.014086305 -0.722202438 -0.017753242
1512232598.962768078 0.000000000 0.000000000 0.000000000 -0.000000000 0.000000000
1512232599.245187044 0.056538802 -0.035537440 -0.005351686 -0.114813275 -0.003924064
1512232599.366503000 0.076106742 -0.053365413 -0.006538345 -0.160163218 -0.004647697
1512232599.540956974 0.096625336 -0.071144134 -0.008225337 -0.203755502 -0.004079520
1512232599.761207104 0.131019041 -0.106116354 -0.012113286 -0.275470635 -0.004850253
1512232600.016829014 0.164031044 -0.137828559 -0.015142350 -0.345963925 -0.002860636
1512232600.241169930 0.198577046 -0.173971295 -0.016580082 -0.421807808 0.001838222
1512232600.474473953 0.232119739 -0.222643986 -0.014348097 -0.513089790 -0.004027056
1512232600.715435028 0.256029636 -0.259559661 -0.007939423 -0.581373490 -0.011246123
1512232600.862857103 0.274649590 -0.293964386 -0.006566751 -0.635339818 -0.015934744
1512232601.055319071 0.286146611 -0.316355228 -0.006086466 -0.670594109 -0.016850766
1512232601.312546015 0.292457342 -0.348544240 -0.005404223 -0.729810307 -0.022474857
1512232601.545531034 0.325975358 -0.405052096 0.008737619 -0.796774032 -0.041487012
1512232601.721681118 0.359484315 -0.438490927 0.009848652 -0.796917129 -0.042673242
1512232602.045221090 0.429167718 -0.507607102 0.012205222 -0.786486714 -0.046493971
1512232602.191562891 0.454699546 -0.540585041 0.000001394 -0.802353392 -0.032837350
1512232602.446516991 0.493267506 -0.602104664 -0.002797431 -0.931970979 -0.030537470
1512232604.199589968 0.000000000 0.000000000 0.000000000 -0.000000000 0.000000000
1512232604.356676102 0.027724618 -0.018778672 -0.002056016 -0.079100514 0.002714017
1512232604.511352062 0.067976892 -0.031804021 -0.000833771 -0.111237708 -0.012345387
1512232604.742259979 0.134498194 -0.037870567 -0.002389281 -0.116158682 -0.011618112
1512232604.905647993 0.184341446 -0.042785451 -0.003631220 -0.118430367 -0.011120987
1512232605.065856934 0.238940850 -0.048694611 -0.004811232 -0.117513025 -0.009060098
1512232605.215605974 0.282526344 -0.053104259 -0.004865062 -0.117495028 -0.007688023
1512232605.472558022 0.373124003 -0.061819829 -0.004439113 -0.112600603 -0.008478188
1512232605.662209988 0.419198155 -0.064772822 -0.004209844 -0.108472187 -0.008216327
1512232605.837590933 0.479248941 -0.069132663 -0.003229404 -0.102176535 -0.009168463
1512232605.986037016 0.541752040 -0.073381320 -0.002061837 -0.094806664 -0.009009620
1512232606.156625032 0.615211070 -0.077173889 -0.002883122 -0.089644964 -0.007385716
1512232606.381545067 0.676748633 -0.080323458 -0.002833896 -0.087139522 -0.009328991
1512232606.622092962 0.760977983 -0.084965952 -0.002539026 -0.091841985 -0.010118268
1512232606.776500940 0.844761610 -0.089184195 -0.001174901 -0.099367883 -0.011988757
1512232607.023524046 0.928331196 -0.095362872 -0.002355782 -0.106622542 -0.011485708
1512232607.176867008 0.989484191 -0.098995782 -0.002672819 -0.107412901 -0.011623048
1512232607.447405100 1.079008937 -0.105727263 -0.004622223 -0.111356894 -0.010997306
1512232607.610791922 1.143997192 -0.111520797 -0.005715682 -0.114609128 -0.013460632
1512232607.808296919 1.209805727 -0.116194300 -0.007653725 -0.115570602 -0.010847000
1512232608.112200975 1.328779578 -0.122423783 -0.005712308 -0.115778056 -0.012075762
1512232608.265516043 1.403865576 -0.128340080 -0.002066209 -0.116697860 -0.013633178
1512232608.520787001 1.494683385 -0.135020778 0.002906239 -0.115391639 -0.010906995
1512232610.456269026 0.000000000 0.000000000 0.000000000 -0.000000000 0.000000000
1512232610.624492884 0.044613332 0.000323795 -0.001156396 -0.004544205 0.000914236
1512232610.784827948 0.099454068 0.000946326 -0.000930635 -0.010103789 0.001223469
1512232610.975754976 0.150728732 0.001532704 -0.002937122 -0.015415544 0.001029286
1512232611.230861902 0.226243734 0.004255591 -0.003683667 -0.020517568 0.000170877
1512232611.493534088 0.323547304 0.005275418 -0.001382894 -0.024637136 0.001807089
1512232611.743031979 0.400954396 0.001114781 0.000366219 -0.027614933 0.000856511
1512232611.983591080 0.486478031 -0.002102907 -0.000123351 -0.030242132 -0.001230174
1512232612.260761023 0.566506982 -0.005404051 -0.000301465 -0.031509203 -0.001528635
1512232612.502623081 0.656819105 -0.004682540 -0.002048048 -0.023395579 -0.001119608
1512232612.697361946 0.706916928 -0.003771070 -0.001090170 -0.016871464 0.003060097
1512232612.955009937 0.790579438 -0.000805437 -0.005950269 -0.001049984 -0.001188980
1512232613.160116911 0.887709856 0.003659107 -0.006782810 0.014098049 -0.000970833
1512232613.386882067 0.962873518 0.009117286 -0.007417625 0.015424214 -0.001066956
1512232613.544858932 1.021308899 0.010117291 -0.008972550 0.015870857 0.002728454
1512232613.870713949 1.130169153 0.019370364 -0.003959650 0.018010748 -0.002565959
1512232614.050980091 1.203098297 0.024715768 -0.002855248 0.020700782 -0.001516829
1512232614.308579922 1.287085772 0.030233342 -0.001387720 0.021746080 -0.002106486
1512232614.541930914 1.378869414 0.034326486 -0.001314124 0.018554667 -0.004920801
1512232614.780721903 1.459190488 0.038956370 -0.001608764 0.014858252 -0.004553319
1512232614.972043991 1.535199642 0.043950170 -0.001888415 0.012491780 -0.000932441
1512232615.175103903 1.615424037 0.046567425 -0.000918279 0.008194877 -0.008868657
1512232615.392446995 1.660261869 0.073634654 -0.003949247 0.079032891 -0.016546969
1512232615.660897017 1.693765521 0.121876001 -0.007850378 0.171003978 -0.018467686
1512232615.874517918 1.753355145 0.162560374 -0.005958015 0.257272295 -0.015188673
1512232616.178740025 1.785812140 0.212824821 -0.006928359 0.353830954 -0.009910674
1512232616.344043016 1.811197519 0.239920646 -0.007624638 0.404125921 -0.007944646
1512232616.543118954 1.836367726 0.270202339 -0.007403227 0.453099005 -0.004444904
1512232616.722342014 1.866695166 0.306821585 -0.008928803 0.509660566 -0.002635331
1512232616.905797958 1.891140342 0.341794431 -0.011935676 0.566094424 -0.000124657
1512232617.091803074 1.921178341 0.387793064 -0.015915421 0.634702135 0.001888254
1512232617.373769045 1.987770438 0.435316086 0.004937022 0.616557205 0.043237543
1512232617.650453091 1.972513914 0.372210145 0.006120153 0.495505316 0.040403619
1512232617.720316887 2.121752739 0.449969977 0.002752197 0.430773763 0.029042007
1512232618.058113098 2.214763165 0.441914231 0.000434161 0.323958009 0.022973361
1512232618.243407965 2.279570580 0.434540272 -0.000343132 0.248793605 0.018833193
1512232619.433357954 0.000000000 0.000000000 0.000000000 -0.000000000 0.000000000
1512232619.658890009 0.066323593 0.028118148 -0.002483436 0.074854630 -0.000935951
1512232619.824687004 0.101126842 0.051310439 -0.003867696 0.126075399 0.002270227
1512232619.974699020 0.125501826 0.066910252 -0.005894541 0.168590453 0.009771203
1512232620.228183031 0.197463989 0.061218269 -0.003968824 0.125595606 0.029212628
1512232620.463421106 0.253037512 0.028906485 -0.005143174 0.006058199 0.030409485
1512232620.628396034 0.270421922 0.024587415 -0.008097898 -0.057931812 0.030165435
1512232620.826651096 0.295573294 0.007635221 -0.010417545 -0.131690112 0.027557937
1512232621.098854065 0.345600426 -0.002605610 -0.010002561 -0.184797371 0.016669345
1512232621.264307976 0.406843036 0.017204065 -0.008590064 -0.121925588 0.007415614
1512232622.011699915 0.659370899 0.073388569 -0.003416825 0.124752538 0.004475632
1512232622.186562061 0.699241877 0.094047807 -0.003975119 0.168325713 0.011994804
1512232622.385093927 0.745946407 0.107192196 -0.005797104 0.177070109 0.014828518
1512232622.624191046 0.814301312 0.119159900 -0.005455733 0.189566480 0.014378519
1512232626.635453939 0.000000000 0.000000000 0.000000000 -0.000000000 0.000000000
1512232626.799144983 0.041999269 0.007740603 -0.001446905 -0.084411524 -0.000850458
1512232626.960134983 0.074498191 0.000821681 -0.003808682 -0.176258393 -0.005033191
1512232627.209367037 0.122201204 -0.016105875 -0.000006140 -0.287753961 -0.008897714
1512232627.447968960 0.161899298 -0.053329650 -0.001276155 -0.371891711 -0.008010516
1512232627.674923897 0.201895729 -0.095564730 0.000477760 -0.457896643 -0.008868797
1512232627.747456074 0.211826965 -0.108014166 0.000613084 -0.483004821 -0.009987680
1512232628.050417900 0.249721140 -0.157092094 0.003612542 -0.566641829 -0.015015633
1512232628.281203985 0.277656347 -0.201416835 0.004199890 -0.642770817 -0.014233308
1512232628.492202044 0.315456778 -0.258263499 0.005938082 -0.746786980 -0.017979033
1512232628.666892052 0.329918414 -0.293286711 0.007428551 -0.804338768 -0.019622338
1512232628.962265015 0.346989453 -0.367598981 0.016748014 -0.916747547 -0.032485818
1512232629.186342001 0.356482416 -0.417540938 0.020254702 -0.996898678 -0.039898031
1512232629.458081007 0.364843160 -0.477718741 0.029250174 -1.092385360 -0.051403162
1512232629.892779112 0.370151877 -0.573218703 0.047653880 -1.239939949 -0.070141217
1512232630.070482969 0.364196897 -0.600502789 0.063726241 -1.290221939 -0.088793065
1512232630.221189022 0.359655380 -0.626675785 0.078191484 -1.332332121 -0.105706133
1512232630.435303926 0.347083151 -0.684416354 0.149144634 -1.417435483 -0.177075030
1512232632.007205963 0.000000000 0.000000000 0.000000000 -0.000000000 0.000000000
1512232632.239605904 0.044625971 -0.009463064 -0.001781936 -0.085695156 -0.001605172
1512232632.406095982 0.078635477 -0.027330488 -0.002340860 -0.149191079 -0.003557462
1512232632.574943066 0.103380129 -0.046940301 -0.003570719 -0.199054297 -0.006472441
1512232632.838150978 0.132778555 -0.072438076 -0.003756100 -0.263655888 -0.005194310
1512232632.995793104 0.155101031 -0.099248752 -0.004521363 -0.321610184 -0.006801991
1512232633.184463024 0.183783948 -0.129523546 -0.006145454 -0.384043647 -0.008850725
1512232633.352273941 0.205864504 -0.157674924 -0.005635305 -0.435123889 -0.009312195
1512232634.924974918 0.000000000 0.000000000 0.000000000 -0.000000000 0.000000000
1512232635.157466888 0.072577335 0.004009396 0.000654507 0.009305536 0.000557437
1512232635.331378937 0.125715345 0.006756282 0.000152568 0.014929917 0.000880331
1512232635.575817108 0.196820259 0.011918416 -0.000855365 0.020576524 -0.000310613
1512232635.733206987 0.257689625 0.015687400 0.001827171 0.024179806 -0.002351142
1512232635.989293098 0.327456683 0.020836672 0.003968637 0.022027616 -0.000645998
1512232636.171767950 0.375186950 0.025004307 0.002350382 0.019825147 0.002567546
1512232636.420459986 0.453319520 0.027252007 0.000305404 0.017224711 0.001760990
1512232636.602216005 0.517095745 0.029255871 0.000505849 0.012990479 -0.000510249
1512232636.766681910 0.558602035 0.030340988 0.000820052 0.009362539 -0.001273825
1512232637.021497965 0.643447995 0.030006453 -0.000799490 0.002961212 0.002268691
1512232637.244057894 0.721726418 0.031498384 -0.000666658 -0.003065952 0.001537798
1512232637.389791012 0.778325081 0.031329107 -0.001177664 -0.004045316 0.000110586
1512232637.653217077 0.853883207 0.031868223 -0.000682974 -0.003035489 -0.001120679
1512232637.858412981 0.899495125 0.032435425 0.000943032 -0.002256897 0.001026759
1512232638.074063063 0.955395222 0.032667525 0.000405467 -0.001867547 0.001029040
1512232638.407670975 1.092046022 0.035695113 -0.000472620 0.008850250 -0.002012419
1512232638.543971062 1.159958839 0.039610557 0.001257466 0.018347140 -0.002125233
1512232638.796467066 1.248509169 0.042748816 0.001619460 0.024926027 -0.001024663
1512232639.008996010 1.320511699 0.046786584 0.001062974 0.025646532 -0.000431185
1512232639.187712908 1.391393781 0.051230583 0.000038075 0.030973223 -0.001965900
1512232639.447902918 1.463722110 0.057679668 -0.000049040 0.033254804 -0.001146446
1512232639.621404886 1.522805929 0.062794380 -0.000083222 0.038249978 0.000242567
1512232639.802112103 1.591716170 0.068214014 -0.001645993 0.045773428 0.001229142
1512232639.974096060 1.649545908 0.072634280 -0.000311882 0.048556782 -0.001036253
1512232640.215632915 1.732231498 0.076738648 0.002331849 0.042762783 -0.004057997
1512232640.370469093 1.795615077 0.081777215 0.000433789 0.038834577 0.000749974
1512232640.605427027 1.835229993 0.111337908 -0.002090094 0.112929124 -0.006648056
1512232640.850899935 1.887886405 0.168389216 -0.008715434 0.221176562 -0.007545795
1512232641.019594908 1.907780886 0.194926769 -0.010582680 0.274057907 -0.005205754
1512232641.189423084 1.934071660 0.225709409 -0.011736919 0.330074159 0.005346237
1512232641.369554996 1.985936880 0.247258425 -0.010266537 0.335776337 0.007897307
1512232641.618424892 2.061609268 0.279467702 -0.010151405 0.345739943 0.009853326
1512232641.861476898 2.169701338 0.326584965 -0.013646749 0.360453430 0.005411943
1512232641.941834927 2.195333958 0.338579863 -0.013355628 0.364409377 0.005362456
1512232642.111006975 2.241768599 0.360257775 -0.014066840 0.372399935 0.006299306
1512232642.534308910 2.335558891 0.373243093 -0.013542502 0.403107799 0.010011006
1512232642.676023960 2.410653114 0.409863949 -0.010161501 0.413592975 0.005548601
1512232642.883997917 2.501719236 0.457757175 -0.009683468 0.433337305 0.009128619
1512232643.124938011 2.524824619 0.489102662 -0.009418196 0.443070320 0.011003373
1512232643.379676104 2.565761566 0.514485121 -0.010912486 0.456896012 0.004264192
1512232643.524202108 2.627089739 0.554356396 -0.009634003 0.468697378 0.013466364
1512232643.615909100 2.642035246 0.549299479 -0.004542336 0.478395535 0.017970888
1512232643.788907051 2.682620525 0.568623066 -0.004174255 0.492524296 0.014400030
1512232645.003525972 0.000000000 0.000000000 0.000000000 -0.000000000 0.000000000
1512232645.281414032 0.091212891 -0.010234402 -0.004446671 -0.045412011 -0.026678424
1512232645.425235987 0.137069657 0.012186847 -0.005330771 0.011462597 -0.025882075
1512232645.589920998 0.167742386 0.026819006 -0.006712942 0.066365241 -0.025780956
1512232645.760595083 0.209456563 0.057336874 -0.005119797 0.113289290 -0.023986236
1512232645.922929049 0.257141680 0.086403355 -0.008195483 0.198684316 -0.026217374
1512232646.172707081 0.311242223 0.127642006 -0.007017628 0.283898600 -0.021970479
1512232646.396025896 0.343748987 0.135106981 -0.002025760 0.283589745 -0.002460003
1512232646.602922916 0.407308221 0.119839311 0.004129697 0.190831780 0.004109404
1512232646.956809998 0.457980096 0.103325471 -0.003962320 0.074685006 -0.006288094
1512232647.124182940 0.495646924 0.107582837 -0.007320305 0.072141100 -0.008377061
1512232647.383848906 0.576694906 0.113908604 -0.005780052 0.065733677 -0.008377239
1512232647.597162008 0.655728698 0.120810866 -0.006804537 0.066473593 -0.010654152
1512232647.765682936 0.706552744 0.126184866 -0.004989945 0.071986813 -0.011355998
1512232648.006619930 0.779730260 0.135310039 -0.003948879 0.081324247 -0.010925513
1512232648.279223919 0.855030119 0.144585818 -0.004995129 0.090975422 -0.011100054
1512232648.545049906 0.926392794 0.151891887 -0.004598878 0.081412985 -0.003572589
1512232648.725359917 0.954699934 0.182552516 -0.013451676 -0.046250558 0.000784061
1512232651.983804941 0.000000000 0.000000000 0.000000000 -0.000000000 0.000000000
1512232652.208908081 0.086480156 0.002800303 -0.002687805 0.000084685 0.000379987
1512232652.436338902 0.161969900 0.003781092 -0.003014427 -0.000097718 -0.000401931
1512232652.580615044 0.205475435 0.003743498 -0.004571698 -0.001593797 -0.001466405
1512232652.855123997 0.275075942 -0.000593978 -0.003234631 -0.024601681 0.009251084
1512232653.021017075 0.317359537 -0.024572067 0.000840159 -0.092655355 0.009602064
1512232653.302665949 0.371312261 -0.071281210 0.000359876 -0.222033934 0.007848290
1512232653.514249086 0.451253057 -0.096283019 0.000663858 -0.241847868 -0.007430625
1512232653.676784992 0.518101454 -0.113705158 0.000964120 -0.249967538 -0.009514316
1512232653.945255041 0.583749771 -0.130487010 0.000203627 -0.256997233 -0.008774708
1512232654.196759939 0.673034489 -0.155467123 -0.000373672 -0.263143165 -0.008891063
1512232654.357952118 0.720081687 -0.170207217 -0.000061489 -0.266661357 -0.011243136
1512232654.594326019 0.812403500 -0.196811527 -0.002094338 -0.268031855 -0.011643180
1512232654.784881115 0.862355471 -0.210894987 -0.001695088 -0.267837658 -0.012692582
1512232655.042908907 0.953132153 -0.231970772 -0.003433330 -0.256113376 -0.010149998
1512232655.298480988 1.049126148 -0.250606239 -0.003984867 -0.237239459 -0.009951768
1512232655.529191971 1.151257038 -0.271331251 -0.002417780 -0.221059175 -0.011148570
1512232655.733288050 1.236137509 -0.285228193 -0.003285855 -0.210896182 -0.009968003
1512232656.055484056 1.346208215 -0.302453637 -0.003815896 -0.211946390 -0.009882579
1512232656.206475019 1.390420079 -0.310479105 -0.004309417 -0.212280975 -0.010369958
1512232656.442142010 1.468767285 -0.323545754 -0.004634425 -0.214124968 -0.010764142
1512232656.720899105 1.581984878 -0.341300696 -0.001023417 -0.209230282 -0.013006973
1512232656.810993910 1.608238697 -0.341972351 -0.000743444 -0.209296103 -0.011799491
1512232657.045140028 1.676471710 -0.353257179 -0.001124018 -0.208838341 -0.011762535
1512232657.226557970 1.732902765 -0.361708373 -0.000853231 -0.206410192 -0.013528305
1512232657.487792015 1.797322631 -0.369015872 -0.002199249 -0.201936274 -0.013678816
1512232657.675713062 1.872378826 -0.379710972 -0.002034532 -0.199950197 -0.012042909
1512232657.879540920 1.941587567 -0.389727026 -0.004364342 -0.198478848 -0.011501477
1512232658.149226904 2.033358335 -0.404383779 -0.004464834 -0.201273657 -0.013057886
1512232658.314040899 2.107379913 -0.416548371 -0.002316916 -0.205393145 -0.011794428
1512232658.535060883 2.195113420 -0.429513901 -0.000715473 -0.209516378 -0.010758024
1512232658.779320002 2.281640530 -0.444121391 0.002440688 -0.213071260 -0.013435235
1512232658.919264078 2.336976290 -0.455498695 0.003880232 -0.212433861 -0.014435992
1512232659.159574986 2.421225548 -0.470430553 0.004435580 -0.213081791 -0.013975683
1512232659.417984962 2.504157782 -0.485383689 0.001790244 -0.215889790 -0.014704829
1512232659.607454062 2.551127672 -0.496965915 0.000263440 -0.217425571 -0.016952904
1512232659.688863993 2.576779366 -0.503311515 -0.000039048 -0.218928525 -0.017866272
1512232659.975334883 2.633315325 -0.539033651 -0.011645612 -0.355135177 -0.003204661
1512232661.482481003 0.000000000 0.000000000 0.000000000 -0.000000000 0.000000000
1512232661.643563986 0.031490628 -0.023493204 -0.002269580 -0.063482127 0.000611503
1512232661.875152111 0.072072789 -0.050580673 -0.005466736 -0.156885833 0.001076409
1512232662.091859102 0.128912702 -0.097922474 -0.003555319 -0.249680255 -0.002394606
1512232662.217930079 0.148270667 -0.114879280 -0.004186371 -0.290251208 -0.000994259
1512232662.478943110 0.173783764 -0.139229298 -0.006297524 -0.357333356 0.000530793
1512232662.662097931 0.184972525 -0.153081149 -0.010084338 -0.412112420 0.001529636
1512232664.268771887 0.000000000 0.000000000 0.000000000 -0.000000000 0.000000000
1512232664.517968893 0.037045345 -0.017688151 -0.001194088 -0.058079772 -0.000667856
1512232664.676141977 0.064596415 -0.035130814 -0.005353353 -0.110194111 -0.002359659
1512232664.834434032 0.091207184 -0.053523455 -0.007071540 -0.155015563 -0.001856725
1512232664.995407104 0.121392392 -0.071458116 -0.003774277 -0.199107305 -0.004560692
1512232665.233283043 0.160507053 -0.103749692 -0.004630876 -0.274083534 -0.008313713
1512232666.593547106 0.000000000 0.000000000 0.000000000 -0.000000000 0.000000000
1512232666.749279022 0.038293660 0.001106239 -0.000438764 -0.007352231 0.000759728
1512232666.969805956 0.100313157 0.000555508 -0.002344027 -0.014977749 0.002049371
1512232667.140681028 0.152294680 0.001603738 -0.002942280 -0.020053572 0.001979463
1512232667.376744032 0.244554028 0.001378078 -0.002842392 -0.023913157 0.002033762
1512232667.584498882 0.357256830 -0.001907154 -0.003067537 -0.021587745 0.002777940
1512232667.732214928 0.391469061 -0.001033461 -0.003502479 -0.019528797 0.003890865
1512232668.005861998 0.450897962 -0.000853360 -0.005430494 -0.016089720 0.004052170
1512232668.320945978 0.570144415 0.002085772 -0.003431569 -0.007851364 0.005108439
1512232668.535145998 0.658866167 0.005874654 -0.001647585 0.006101922 0.004933527
1512232668.754821062 0.746270716 0.011658919 -0.001969304 0.015282561 0.005991815
1512232669.008518934 0.833563507 0.017029459 -0.003917754 0.023086683 0.002909970
1512232669.191966057 0.880224705 0.020523086 -0.003596424 0.023619905 0.001859214
1512232669.476711988 1.008504987 0.028491816 -0.002880599 0.017471868 -0.005137290
1512232669.721390009 1.090433121 0.035137787 -0.006633189 0.019288643 -0.003724463
1512232669.934961081 1.170426846 0.041416150 -0.006775129 0.025268831 -0.005503045
1512232670.147728920 1.239574671 0.048831284 -0.005649052 0.031224687 -0.003455842
1512232670.422813892 1.318042636 0.057225794 -0.007263027 0.040498831 -0.005677206
1512232670.706526041 1.424981117 0.067743316 -0.004196785 0.049244701 -0.001006305
1512232670.926546097 1.509520531 0.078285955 -0.001565897 0.049557132 -0.006563923
1512232671.164644003 1.576848388 0.086738519 0.002277973 0.049235431 -0.002185361
1512232671.377511978 1.656502604 0.095465988 0.000956311 0.049241621 -0.002522817
1512232671.553041935 1.713184595 0.100948863 0.000405797 0.049199970 -0.001181260
1512232671.769169092 1.783625960 0.106714889 0.001110646 0.048955419 -0.005515573
1512232671.899063110 1.843679190 0.112585016 0.002600146 0.048520465 -0.007313001
1512232672.135061026 1.926711559 0.119906984 0.000495744 0.050020767 -0.010051927
1512232672.349273920 2.006119728 0.129031628 -0.001900936 0.053706398 -0.009545709
1512232672.583115101 2.073911428 0.136516213 -0.001381768 0.059577833 -0.009129693
1512232672.724451065 2.118733168 0.141922176 -0.000242184 0.064468309 -0.009828072
1512232672.878679037 2.171856642 0.148904726 0.000365702 0.066668800 -0.009299568
1512232673.055480003 2.218830824 0.153154269 -0.000238471 0.065335643 -0.009489001
1512232673.218169928 2.281047106 0.158293024 -0.000741139 0.061944938 -0.009923300
1512232673.306648970 2.305124044 0.160787910 -0.001579320 0.060776681 -0.009356628
1512232673.389507055 2.343640089 0.164147809 -0.001501909 0.058754897 -0.008379632
1512232673.978215933 2.519639492 0.172798023 -0.001852847 0.058776248 -0.007630514
1512232674.133059978 2.585520506 0.178884163 -0.001576578 0.063242878 -0.007105542
1512232674.324728012 2.641603708 0.183697015 -0.001923828 0.065567638 -0.007689567
1512232674.405356884 2.667557240 0.184231475 -0.001426171 0.067357745 -0.008260576
1512232674.601227045 2.732484818 0.190001220 0.000502126 0.068766772 -0.008681892
1512232674.780531883 2.792092323 0.196540013 0.003696989 0.072974723 -0.007127849
1512232674.856082916 2.812067509 0.192507610 0.002672502 0.076643061 -0.006834100
1512232675.043368101 2.886492729 0.200549006 -0.000823661 0.084935406 -0.006163396
1512232675.187196016 2.952445269 0.205756336 -0.002033079 0.094555297 -0.007692958
1512232675.353025913 3.041651964 0.212980181 -0.001037191 0.100372889 -0.012194255
1512232675.455735922 3.047610521 0.224033117 -0.003681128 0.101954281 -0.012370236
1512232675.640377998 3.126762867 0.245563239 -0.001931553 0.101507667 -0.007762624
1512232675.782380104 3.180963039 0.252668113 -0.001850884 0.107823631 -0.007632262
1512232675.937427998 3.247423410 0.263076097 -0.002695735 0.113215333 -0.007258267
1512232676.131980896 3.304515123 0.272102088 -0.002670343 0.113356614 -0.008043435
1512232676.263674021 3.349084854 0.278443754 -0.003429265 0.117714063 -0.010725584
1512232676.450203896 3.402842045 0.288458377 -0.000241005 0.125218417 -0.010403925
1512232676.638374090 3.468175411 0.300550133 0.001582546 0.128575472 -0.010941381
1512232676.844055891 3.513404846 0.307937622 0.001793002 0.129264685 -0.010973987
1512232677.012938023 3.568241596 0.317548156 0.001726231 0.127780519 -0.009407493
1512232677.207072973 3.643855810 0.329976320 0.000896228 0.127352432 -0.009289530
1512232677.344583988 3.706885815 0.337162495 0.003567548 0.113292070 -0.000558654
1512232677.659693003 3.769870758 0.279630482 0.005482077 -0.053996075 -0.000060169
1512232677.879209995 3.750290394 0.260065854 -0.001966254 -0.195378495 0.000621703
1512232678.124459028 3.771756887 0.255973935 -0.008330109 -0.317776017 -0.005003411
1512232678.217813015 3.787369967 0.252631068 -0.009799692 -0.317315785 -0.005741748
1512232678.530630112 3.834655046 0.237725735 -0.008489579 -0.317104346 -0.006176821
1512232678.820055008 3.918039560 0.209970355 -0.008149080 -0.307399094 -0.005869043
1512232678.989135027 3.978989363 0.190263271 -0.009417283 -0.301499152 -0.005679181
1512232679.251238108 4.060584068 0.166075945 -0.008543908 -0.295978094 -0.007403654
1512232679.387039900 4.108311653 0.152816415 -0.009124006 -0.290317320 -0.006437544
1512232679.681301117 4.194929123 0.131615520 -0.012118356 -0.277236329 -0.004786001
1512232679.923880100 4.250417233 0.106829882 -0.015320712 -0.268751461 -0.001913041
1512232680.237849951 4.368232250 0.082411289 -0.015696423 -0.257465959 -0.003940263
1512232680.465073109 4.471773148 0.067773104 -0.013543137 -0.261237221 -0.002676023
1512232680.636378050 4.540490150 0.051627636 -0.011886106 -0.263173269 -0.005178990
1512232680.856504917 4.626337051 0.030279875 -0.011579113 -0.266769034 -0.005877146
1512232681.072988987 4.713056564 0.008283019 -0.009753308 -0.273060236 -0.007415062
1512232681.325918913 4.783716202 -0.007411122 -0.010238581 -0.273041263 -0.009283765
1512232681.581466913 4.877730370 -0.027828097 -0.012258332 -0.267572336 -0.007375708
1512232681.805504084 4.943113804 -0.026166499 -0.014575188 -0.211497236 -0.019403930
1512232682.035305977 5.000070572 -0.009328485 -0.018606382 -0.106793404 -0.022308136
1512232682.225729942 5.069237232 0.042731754 -0.008226287 -0.021072283 -0.022863015
1512232682.496277094 5.141005993 0.075588822 -0.013869181 0.077463025 -0.023167553
1512232682.745825052 5.179442406 0.106857657 -0.019369999 0.197170480 -0.020653129
1512232683.022568941 5.266331196 0.148195148 -0.015512218 0.273778324 -0.000204923
1512232683.192276955 5.297938824 0.137942314 -0.009680973 0.212296108 0.009827156
1512232683.381613970 5.353458405 0.130084217 -0.007189923 0.148395641 0.012700831
1512232683.572601080 5.397094727 0.115884751 -0.007281439 0.073081511 0.011368318
1512232683.750293970 5.429025650 0.107608318 -0.009260286 -0.003836557 0.009330709
1512232683.934376955 5.500307560 0.109252751 -0.011738752 -0.012311860 -0.000314133
1512232684.110183001 5.555711269 0.111232892 -0.010273661 -0.013017550 -0.001162148
1512232684.366187096 5.645529747 0.113229409 -0.011358277 -0.013506034 -0.001411909
1512232684.541492939 5.699017525 0.114310697 -0.013304277 -0.016847354 -0.000806806
1512232684.727267981 5.763398647 0.114787579 -0.013092267 -0.022340286 -0.002564703
1512232684.900990009 5.806640148 0.113526076 -0.012205156 -0.025122768 -0.004039802
1512232685.226084948 5.923855782 0.110954568 -0.007008714 -0.039869865 -0.004392699
1512232685.423192978 6.010622978 0.106180578 -0.007445114 -0.053644350 -0.005498520
1512232685.669239044 6.076211929 0.101526648 -0.007979301 -0.059014496 -0.005666936
1512232685.866051912 6.149406433 0.095815063 -0.007588254 -0.065883955 -0.006443210
1512232686.075860977 6.224340916 0.091469735 -0.006302070 -0.067732800 -0.004988280
1512232686.324351072 6.290935040 0.087120771 -0.006603199 -0.062498643 -0.005613886
1512232686.585067987 6.330927849 0.074454546 -0.011004605 -0.115346022 0.005534219
1512232686.772017956 6.353298664 0.053436279 -0.018808106 -0.193554432 0.004502654
1512232688.662101984 0.000000000 0.000000000 0.000000000 -0.000000000 0.000000000
1512232688.814876080 0.052798100 -0.005124399 0.000969530 -0.103843478 0.001103476
1512232689.000308990 0.077562258 -0.026445420 -0.003570338 -0.173855598 0.001289937
1512232689.174319029 0.100030079 -0.044835690 -0.004871845 -0.222112915 0.001436572
1512232689.350408077 0.123529099 -0.065732673 -0.007880313 -0.284051143 0.001875262
1512232689.621531010 0.165973917 -0.112947315 -0.009998994 -0.380944548 -0.001898507
1512232689.875524998 0.211070836 -0.164871514 -0.005169930 -0.473310963 -0.009405129
1512232690.117023945 0.231696725 -0.199324355 -0.002512278 -0.540687188 -0.012529268
1512232690.362579107 0.255086035 -0.245342016 -0.003687015 -0.633108450 -0.015998957
1512232690.511421919 0.265547454 -0.268917620 -0.007633341 -0.683713348 -0.015529977
1512232690.779016972 0.278008074 -0.304553479 -0.007962097 -0.756544514 -0.018493416
1512232691.047525883 0.284795076 -0.342385739 -0.013630104 -0.842680537 -0.015907504
1512232692.354387999 0.000000000 0.000000000 0.000000000 -0.000000000 0.000000000
1512232692.593569994 0.031344306 -0.014719046 -0.000421201 -0.062055565 0.000011280
1512232692.789026022 0.044913266 -0.026689501 -0.003820981 -0.107929293 0.002848448
1512232692.957679033 0.072528057 -0.047042694 -0.007536933 -0.172810565 0.003800799
1512232693.183722019 0.119040392 -0.080930173 -0.010063381 -0.259911174 0.003899421
1512232693.401627064 0.150191382 -0.114333302 -0.013545516 -0.349394018 0.002025747
1512232693.618055105 0.180239797 -0.149429783 -0.011476300 -0.418697590 -0.004044767
1512232693.867876053 0.191493258 -0.171069205 -0.017886300 -0.508503342 0.000230679
1512232695.353178978 0.000000000 0.000000000 0.000000000 -0.000000000 0.000000000
1512232695.579097986 0.090161376 0.006002377 -0.000944849 0.007573695 0.000372365
1512232695.760469913 0.133852348 0.008446258 0.001194830 0.011982812 -0.000287703
1512232695.923645973 0.189291120 0.012825688 -0.000071441 0.019808022 0.000737953
1512232696.084006071 0.234663874 0.015645662 -0.000596555 0.027908672 0.002181463
1512232696.299113989 0.313847601 0.022616707 -0.002458753 0.042048284 0.002705172
1512232696.524359941 0.389048725 0.031571124 -0.002235029 0.047289236 0.002860321
1512232696.769125938 0.454325378 0.039141245 -0.000675688 0.052239147 0.002538128
1512232696.919305086 0.509237647 0.045557588 -0.000564845 0.052931310 0.002899639
1512232697.170994997 0.596452951 0.051706471 -0.002423212 0.040057501 0.004317786
1512232697.417633057 0.672291219 0.057019893 -0.003519246 0.028620834 0.005427355
1512232697.645262957 0.753590941 0.020824559 0.001083709 -0.073181325 0.013235610
1512232697.811547041 0.783959329 -0.007425718 -0.000120965 -0.143695394 0.005614901
1512232699.331861973 0.000000000 0.000000000 0.000000000 -0.000000000 0.000000000
1512232699.579400063 0.079557106 0.004760799 0.000636724 0.007503982 0.000350613
1512232699.746043921 0.147047594 0.008976911 -0.000288678 0.013147499 0.000124199
1512232699.929217100 0.193332568 0.012602710 -0.001281960 0.015910250 0.000312594
1512232700.102324009 0.245875314 0.015728086 -0.002322633 0.016094531 -0.000380883
1512232700.362369061 0.348252147 0.022428544 -0.001186693 0.016097230 0.001642471
1512232700.519866943 0.408341765 0.025977859 -0.001895938 0.017148567 0.000177697
1512232700.831583023 0.523781836 0.033446047 -0.002822629 0.015607831 -0.000583260
1512232701.004909992 0.585353255 0.036610220 -0.001999097 0.014830569 0.002516941
1512232701.295541048 0.627336025 0.061833758 -0.006364453 0.092155811 -0.009826422
1512232701.479070902 0.666216493 0.078747109 -0.010005139 0.163421319 -0.012438775
1512232701.690943003 0.766262531 0.133550361 -0.013659957 0.231027661 -0.004268858
1512232701.911077023 0.854413986 0.162204549 -0.011390121 0.245487879 -0.000983651
1512232702.135071039 0.920424402 0.183344409 -0.010801212 0.255567378 -0.001653883
1512232702.339654922 0.966730773 0.199210301 -0.012759687 0.262428491 -0.002362333
1512232702.602823019 1.041596532 0.224181443 -0.017328650 0.273428649 -0.005557469
1512232702.889792919 1.143942356 0.263703227 -0.017346304 0.288263652 -0.004957468
1512232703.060785055 1.204195976 0.286567211 -0.016620722 0.297248653 -0.005086809
1512232703.229027987 1.264672399 0.308755159 -0.014712170 0.305045458 -0.005649145
1512232703.482494116 1.371828794 0.351956934 -0.013449346 0.325049823 -0.006016278
1512232703.664016962 1.426362038 0.378403157 -0.010342393 0.339332759 -0.004486787
1512232703.875643015 1.504848480 0.415594101 -0.007749040 0.359789906 -0.004291911
1512232704.122426033 1.592429757 0.459547639 -0.007567882 0.382524193 -0.005964929
1512232704.278229952 1.637614965 0.483237565 -0.006232153 0.391137101 -0.004946138
1512232704.436458111 1.694121122 0.513790786 -0.003939571 0.402594190 -0.002298560
1512232704.760400057 1.801890016 0.569747746 -0.006307660 0.414774633 -0.000267683
1512232704.980992079 1.884981990 0.615448534 -0.008934949 0.412271425 -0.001938582
1512232705.161041975 1.938006163 0.647391319 -0.008999605 0.408197241 -0.002786249
1512232705.423439980 2.001919746 0.679145217 -0.006881402 0.408536627 -0.003192373
1512232705.642606974 2.086827993 0.722367406 -0.001833545 0.410369374 0.001276811
1512232705.911724091 2.171165466 0.764577210 -0.001709180 0.420527875 0.003389457
1512232706.087291002 2.219513655 0.790112913 -0.000294889 0.427542278 0.003198269
1512232706.264317989 2.268230200 0.815381527 0.001433262 0.439216839 0.002570725
1512232706.506669998 2.327306509 0.843378127 0.001767949 0.458068183 0.001759927
1512232706.864170074 2.485321522 0.945666432 0.005665129 0.476019552 0.006626493
1512232708.101639032 0.000000000 0.000000000 0.000000000 -0.000000000 0.000000000
1512232708.341130972 0.061349846 -0.031829111 0.001396331 -0.078088086 0.013278697
1512232708.420676947 0.085482292 -0.048650160 0.000211889 -0.123716913 0.014409305
1512232708.702230930 0.148378059 -0.091648921 -0.001456575 -0.230038340 0.012248365
1512232708.912960052 0.212318450 -0.150579751 -0.003402684 -0.372180255 0.010872832
1512232709.147979021 0.266669303 -0.201172426 0.001859635 -0.484540442 0.005441244
1512232710.620338917 0.000000000 0.000000000 0.000000000 -0.000000000 0.000000000
1512232710.773745060 0.043654669 0.002880035 0.012104085 -0.002334232 0.011390396
1512232710.937608957 0.100553550 0.002401350 0.009053081 -0.001593055 0.011338238
1512232711.091801882 0.146214440 0.002423063 0.006929176 -0.000417431 0.013391430
1512232711.275500059 0.206608236 0.001908673 0.007155669 0.000382313 0.015508263
1512232711.520610094 0.302943796 0.001752602 0.006107692 0.001417944 0.015459562
1512232711.774348974 0.389530599 0.003351163 0.003032978 0.003488733 0.019192924
1512232711.983774900 0.485550970 0.004418975 0.000276342 0.010978256 0.021570317
1512232712.210900068 0.566690505 0.005583879 -0.002595382 0.007756171 0.032207744
