1512232495.415680170 0.000000000
1512232511.563248158 0.000000000
1512232511.563249111 0.000000000
1512232512.368681192 0.000000000
1512232512.368682146 0.000000000
1512232512.564166069 0.000000000
1512232512.564167023 0.000000000
1512232512.888788700 0.000000000
1512232512.888789654 0.000000000
1512232513.020750999 0.000000000
1512232513.020751953 0.000000000
1512232513.295558453 0.000000000
1512232513.295559406 0.000000000
1512232513.477559090 0.000000000
1512232513.477560043 0.000000000
1512232513.812981606 0.000000000
1512232513.812982559 0.000000000
1512232513.955722809 0.000000000
1512232513.955723763 0.000000000
1512232514.523864269 0.000000000
1512232514.523865223 0.000000000
1512232515.959327698 0.000000000
1512232515.959328651 0.000000000
1512232516.468125105 0.000000000
1512232516.468126059 0.000000000
1512232516.609710932 0.000000000
1512232516.609711885 0.000000000
1512232516.976457596 0.000000000
1512232516.976458549 0.000000000
1512232517.896004200 0.000000000
1512232517.896005154 0.000000000
1512232519.128838062 0.000000000
1512232519.128839016 0.000000000
1512232520.561927557 0.000000000
1512232520.561928511 0.000000000
1512232523.740549803 0.000000000
1512232523.740550756 0.000000000
1512232526.098615170 0.000000000
1512232526.098616123 -0.454855593
1512232528.142307520 -0.454855593
1512232528.142308474 0.000000000
1512232530.192185640 0.000000000
1512232530.192186594 0.454855593
1512232531.423316956 0.454855593
1512232531.423317909 0.000000000
1512232532.551426172 0.000000000
1512232532.551427126 0.454855593
1512232540.022101402 0.454855593
1512232540.022102356 0.000000000
1512232541.454339981 0.000000000
1512232541.454340935 0.454855593
1512232542.064099789 0.454855593
1512232542.064100742 0.000000000
1512232551.474446535 0.000000000
1512232551.474447489 -0.454855593
1512232552.217037916 -0.454855593
1512232552.217038870 0.000000000
1512232552.978559494 0.000000000
1512232552.978560448 0.454855593
1512232553.789797544 0.454855593
1512232553.789798498 0.000000000
1512232559.678357601 0.000000000
1512232559.678358555 -0.454855593
1512232560.707174778 -0.454855593
1512232560.707175732 0.454855593
1512232570.640130758 0.454855593
1512232570.640131712 0.000000000
1512232574.220116615 0.000000000
1512232574.220117569 0.454855593
1512232574.940481901 0.454855593
1512232574.940482855 -0.454855593
1512232575.691988230 -0.454855593
1512232575.691989183 0.000000000
1512232576.994198561 0.000000000
1512232576.994199514 0.454855593
1512232577.389054537 0.454855593
1512232577.389055490 0.000000000
1512232580.471591711 0.000000000
1512232580.471592665 -0.454855593
1512232581.080923319 -0.454855593
1512232581.080924273 0.000000000
1512232584.354831696 0.000000000
1512232584.354832649 0.454855593
1512232584.975651264 0.454855593
1512232584.975652218 -0.454855593
1512232585.687889338 -0.454855593
1512232585.687890291 0.454855593
1512232588.863241673 0.454855593
1512232588.863242626 0.000000000
1512232594.293723822 0.000000000
1512232594.293724775 0.454855593
1512232594.903275013 0.454855593
1512232594.903275967 0.000000000
1512232596.853362083 0.000000000
1512232596.853363037 0.454855593
1512232600.946999550 0.454855593
1512232600.947000504 0.000000000
1512232601.660415173 0.000000000
1512232601.660416126 0.454855593
1512232602.177770376 0.454855593
1512232602.177771330 0.000000000
1512232602.894006729 0.000000000
1512232602.894007683 0.000000000
1512232603.303497791 0.000000000
1512232603.303498745 0.454855593
1512232603.913067341 0.454855593
1512232603.913068295 0.000000000
1512232608.114598274 0.000000000
1512232608.114599228 0.454855593
1512232608.736156940 0.454855593
1512232608.736157894 0.000000000
1512232614.777692556 0.000000000
1512232614.777693510 -0.454855593
1512232616.616074324 -0.454855593
1512232616.616075277 0.454855593
1512232618.150479078 0.454855593
1512232618.150480032 -0.454855593
1512232619.480372429 -0.454855593
1512232619.480373383 0.454855593
1512232620.406643867 0.454855593
1512232620.406644821 -0.454855593
1512232621.625903606 -0.454855593
1512232621.625904560 0.000000000
1512232622.247040987 0.000000000
1512232622.247041941 0.454855593
1512232623.170797348 0.454855593
1512232623.170798302 -0.454855593
1512232623.577607393 -0.454855593
1512232623.577608347 0.000000000
1512232624.703756332 0.000000000
1512232624.703757286 0.454855593
1512232633.106755257 0.454855593
1512232633.106756210 0.000000000
1512232639.960186005 0.000000000
1512232639.960186958 -0.454855593
1512232640.690334320 -0.454855593
1512232640.690335274 0.000000000
1512232643.750383377 0.000000000
1512232643.750384331 0.454855593
1512232644.674269199 0.454855593
1512232644.674270153 -0.454855593
1512232645.802907467 -0.454855593
1512232645.802908421 0.454855593
1512232646.412214518 0.454855593
1512232646.412215471 0.000000000
1512232647.946882248 0.000000000
1512232647.946883202 0.454855593
1512232648.567504644 0.454855593
1512232648.567505598 0.000000000
1512232649.896512032 0.000000000
1512232649.896512985 0.454855593
1512232651.226854324 0.454855593
1512232651.226855278 0.000000000
1512232652.296123028 0.000000000
1512232652.296123981 0.454855593
1512232652.765912771 0.454855593
1512232652.765913725 0.000000000
1512232659.214636087 0.000000000
1512232659.214637041 0.454855593
1512232665.770366907 0.454855593
1512232665.770367861 0.000000000
1512232676.828361988 0.000000000
1512232676.828362942 0.454855593
1512232677.641168594 0.454855593
1512232677.641169548 0.000000000
1512232681.232299805 0.000000000
1512232681.232300758 -0.454855593
1512232682.455142498 -0.454855593
1512232682.455143452 0.454855593
1512232683.180927515 0.454855593
1512232683.180928469 0.000000000
1512232685.946958542 0.000000000
1512232685.946959496 0.454855593
1512232693.827497959 0.454855593
1512232693.827498913 0.000000000
1512232697.000285625 0.000000000
1512232697.000286579 0.454855593
1512232697.607711792 0.454855593
1512232697.607712746 0.000000000
1512232700.585461617 0.000000000
1512232700.585462570 -0.454855593
1512232701.097115278 -0.454855593
1512232701.097116232 0.000000000
1512232707.645424366 0.000000000
1512232707.645425320 0.454855593
1512232709.493824482 0.454855593
1512232709.493825436 0.000000000
1512232711.749175549 0.000000000
1512232711.749176502 0.454855593
1512232713.182731152 0.454855593
1512232713.182732105 0.000000000
1512232714.814764261 0.000000000
1512232714.814765215 0.000000000
1512232718.857162237 0.000000000